635.5	335.5	16.8672	0
636.0	39.5	17.7554	0
109.294	474.4	17.8958	0
636.278	259.5	16.7232	0
222.0	374.0	19.856	0
256.0	349.0	19.856	0
210.0	76.0	19.856	0
606.0	210.0	18.856	0
602.0	248.0	20.856	0
187.0	373.0	18.856	0
172.0	113.0	19.856	0
173.0	79.0	18.856	0
114.0	351.0	20.856	0
457.0	126.0	18.856	0
453.0	160.0	18.856	0
494.0	122.0	19.856	0
153.0	350.0	18.856	0
533.0	16.0	16.6574	0
229.0	414.0	18.856	0
337.0	131.0	18.856	0
151.0	386.0	19.856	0
392.0	315.0	18.856	0
81.0	374.0	18.856	0
531.0	244.0	19.856	0
419.0	178.0	20.856	2
322.0	464.0	19.856	0
221.0	339.0	18.856	0
217.0	144.0	19.856	0
15.0	118.0	15.7299	0
137.0	282.0	19.856	1
298.0	424.0	18.856	0
28.0	87.0	19.856	1
256.0	384.0	18.856	0
449.0	16.0	18.856	0
573.0	179.0	19.856	0
412.0	132.0	20.856	1
16.6942	175.808	17.8215	0
490.0	430.0	19.856	0
514.0	334.0	18.856	0
611.0	176.0	18.856	1
529.0	459.0	19.856	0
535.0	111.0	18.856	0
173.0	277.0	19.856	0
324.0	199.0	19.856	0
266.0	314.0	18.856	0
206.0	111.0	18.856	0
182.0	156.0	18.856	0
193.0	407.0	18.856	0
225.0	215.0	19.856	0
371.0	126.0	18.856	0
596.0	311.0	19.856	0
59.0	201.0	19.856	0
166.0	311.0	18.856	0
307.0	271.0	19.856	0
290.0	391.0	18.856	0
320.0	31.0	20.856	0
252.0	37.0	19.856	0
300.0	308.0	18.856	0
364.0	463.0	18.856	0
569.0	85.0	19.856	0
597.0	348.0	18.856	0
122.0	315.0	18.856	0
513.0	299.0	18.856	0
268.0	278.0	18.856	1
505.0	369.0	18.856	0
470.0	322.0	18.856	0
172.0	465.0	18.856	0
457.0	456.0	18.856	1
624.0	407.0	18.856	0
150.0	16.0	19.856	0
195.0	238.0	18.856	0
67.0	273.0	19.856	0
349.0	57.0	18.856	0
42.0	347.0	20.856	0
548.0	302.0	20.856	0
566.0	242.0	18.856	0
399.0	279.0	20.856	0
622.0	290.0	19.856	1
154.0	246.0	19.856	0
608.0	70.0	20.856	1
245.0	73.0	19.856	0
289.0	185.0	18.856	0
332.0	430.0	18.856	0
166.0	47.0	18.856	1
618.0	441.0	18.856	0
204.0	308.0	18.856	0
329.0	164.0	18.856	0
98.0	210.0	20.856	0
359.0	219.0	18.856	0
362.0	93.0	18.856	0
403.0	95.0	19.856	1
208.0	273.0	18.856	0
543.0	145.0	18.856	0
135.0	452.0	19.856	0
130.0	51.0	18.856	0
225.0	179.0	19.856	0
317.0	66.0	18.856	0
483.0	222.0	18.856	1
387.0	350.0	19.856	1
325.0	240.0	19.856	0
409.0	404.0	18.856	0
296.0	152.0	18.856	0
263.0	233.0	19.856	0
422.0	435.0	18.856	0
337.0	396.0	18.856	0
186.0	16.0	18.856	0
258.0	163.0	19.856	0
90.0	175.0	18.856	0
101.0	442.0	17.856	0
360.0	276.0	18.856	0
241.0	110.0	18.856	0
549.0	52.0	19.856	1
51.0	409.0	18.856	0
413.0	224.0	18.856	0
57.0	53.0	19.856	0
507.0	154.0	18.856	0
208.0	41.0	18.856	0
192.0	189.0	18.856	0
102.0	276.0	18.856	0
282.0	61.0	19.856	0
78.0	240.0	18.856	0
538.0	178.0	18.856	0
117.0	243.0	20.856	0
329.0	98.0	18.856	0
125.0	177.0	18.856	0
465.0	91.0	19.856	0
358.0	322.0	18.856	0
594.0	146.0	19.856	0
543.0	424.0	20.856	0
573.0	276.0	19.856	0
560.0	387.0	19.856	0
427.0	314.0	19.856	0
519.0	207.0	19.856	0
291.0	343.0	18.856	0
470.0	254.0	18.856	0
480.0	396.0	17.856	0
258.0	199.0	18.856	0
285.0	25.0	18.856	0
454.0	420.0	19.856	0
262.0	429.0	19.856	0
583.0	418.0	18.856	0
471.0	362.0	18.856	1
479.0	288.0	18.856	0
389.0	439.0	18.856	0
133.0	417.0	18.856	0
166.0	427.0	18.856	1
197.0	441.0	18.856	0
524.0	78.0	18.856	0
565.0	454.0	18.856	0
460.0	196.0	19.856	0
93.0	64.0	19.856	0
352.0	358.0	19.856	0
148.0	150.0	18.856	0
596.0	384.0	19.856	0
67.0	439.0	19.856	0
135.0	210.0	18.856	0
24.0	209.0	19.856	1
414.0	47.0	19.856	0
79.0	339.0	19.856	0
287.0	458.0	19.856	0
446.0	387.0	18.856	0
45.0	238.0	18.856	0
137.0	118.0	18.856	1
18.0	11.0	11.6953	0
237.0	257.0	18.856	0
243.0	459.0	17.856	0
66.0	87.0	19.856	0
187.0	338.0	18.856	1
88.0	306.0	17.856	0
376.0	385.0	19.856	0
56.0	166.0	18.856	0
33.0	284.0	18.856	0
18.0	442.0	15.812	0
24.0	38.0	19.856	1
55.0	312.0	17.856	0
555.0	210.0	18.856	0
446.0	285.0	18.856	1
334.0	298.0	18.856	0
87.0	410.0	19.856	0
514.0	402.0	18.856	0
325.0	334.0	18.856	0
456.0	54.0	18.856	1
301.0	117.0	18.856	0
381.0	30.0	18.856	0
114.0	144.0	18.856	0
380.0	247.0	18.856	0
493.0	185.0	18.856	0
159.0	184.0	18.856	0
359.0	181.0	18.856	0
98.0	112.0	19.856	1
505.0	266.0	17.856	0
294.0	219.0	18.856	0
116.0	20.0	18.856	0
274.0	96.0	18.856	1
416.0	369.0	18.856	0
51.0	119.0	19.856	0
447.0	228.0	19.856	0
609.0	17.0	19.856	0
53.0	15.0	18.856	0
236.0	294.0	18.856	0
30.0	381.0	19.856	0
628.0	126.0	19.856	0
316.0	368.0	18.856	0
565.0	335.0	18.856	0
122.0	86.0	19.856	0
83.0	30.0	18.856	0
115.0	387.0	18.856	0
384.0	157.0	17.856	1
442.0	345.0	18.856	0
383.0	65.0	19.856	0
422.0	470.0	19.856	0
495.0	470.0	19.856	0
79.0	142.0	18.856	0
481.0	31.0	18.856	0
514.0	44.0	19.856	0
539.0	360.0	19.856	0
568.0	121.0	18.856	1
426.0	256.0	18.856	0
269.0	129.0	17.856	0
170.0	215.0	17.856	0
389.0	199.0	18.856	0
351.0	12.0	19.856	0
599.0	105.0	19.856	0
13.0	254.0	20.856	0
22.0	315.0	18.856	1
364.0	416.0	17.856	0
432.0	77.0	17.856	0
582.0	43.0	18.856	0
30.0	145.0	18.856	0
490.0	69.0	17.856	0
560.0	18.0	13.856	0
74.0	472.0	15.856	0
631.0	370.0	20.856	0
7.0	409.0	19.856	0
205.0	477.0	20.856	0
38.0	478.0	21.856	0
