629.5	14	16.919	-1
210	237	18.9491	-1
211	272	18.9491	-1
175	278	18.9491	-1
629.5	406.5	20.5549	-1
358	313	18.9491	-1
253	23	20.9491	-1
141	254	18.9491	-1
10	148	12.5066	-1
399	180	18.9491	-1
252	272	19.9491	-1
26	459.5	32.5001	-1
283	55	19.9491	-1
364	278	19.9491	-1
294	22	18.9491	-1
258	90	19.9491	-1
328	280	19.9491	-1
422	52	19.9491	-1
92	77	18.9491	-1
55	46	18.9491	-1
89	44	18.9491	-1
326	351	19.9491	-1
318	315	19.9491	-1
147	422	19.9491	-1
217	76	18.9491	-1
198	104	18.9491	-1
338	245	18.9491	-1
328	24	18.9491	-1
526	463	19.9491	-1
243	206	18.9491	-1
311	212	17.9491	-1
248	239	17.9491	-1
456	277	18.9491	-1
135	93	11.8529	-1
543	237	18.9491	-1
106	257	18.9491	-1
223	306	18.9491	-1
55	81	19.9491	-1
365	347	18.9491	-1
70	120	18.9491	-1
492	88	19.9491	-1
319	67	19.9491	-1
235	121	18.9491	-1
106	291	18.9491	-1
276	395	18.9491	-1
114	223	18.9491	-1
496	53	18.9491	-1
104	147	19.9491	-1
432	207	18.9491	-1
17	69	18.9491	-1
507	360	18.9491	-1
16	245	18.9491	-1
162	356	18.9491	-1
527	85	19.9491	-1
477	343	18.9491	-1
141	288	18.9491	-1
541	429	19.9491	-1
76	422	19.9491	-1
597	307	19.9491	-1
302	245	18.9491	-1
45	393	18.9491	-1
630.5	462	19.0067	-1
225	167	18.9491	-1
109	446	18.9491	-1
372	148	18.9491	-1
175	243	18.9491	-1
513	326	19.9491	-1
540	271	18.9491	-1
177	455	18.9491	-1
287	331	18.9491	-1
177	202	18.9491	-1
311	394	18.9491	-1
42	359	18.9491	-1
603	269	18.9491	-1
456	242	19.9491	-1
182	44	19.9491	-1
103	110	18.9491	-1
87	388	19.9491	-1
242	385	19.9491	-1
342	116	18.9491	-1
386	52	18.9491	-1
350	381	18.9491	-1
30	105	19.9491	-1
458	56	19.9491	-1
171	140	18.9491	-1
364	182	18.9491	-1
443	346	17.9491	-1
150	29	18.9491	-1
516	394	18.9491	-1
429	437	18.9491	-1
311	178	18.9491	-1
123	50	18.9491	-1
446	312	18.9491	-1
250	58	16.9491	-1
305	428	19.9491	-1
79	222	19.9491	-1
291	277	18.9491	-1
143	457	18.9491	-1
277	221	17.9491	-1
393	319	17.9491	-1
95	183	19.9491	-1
114	12	20.9491	-1
494	153	15.9491	-1
620	44	19.9491	-1
480	309	18.9491	-1
162	103	19.9491	-1
259	175	18.9491	-1
132	384	18.9491	-1
294	96	20.9491	-1
577	434	19.9491	-1
350	212	17.9491	-1
560	199	18.9491	-1
211	449	18.9491	-1
401	85	19.9491	-1
166	314	19.9491	-1
352	446	18.9491	-1
576	231	18.9491	-1
339	158	18.9491	-1
498	186	19.9491	-1
488	462	20.9491	-1
145	162	18.9491	-1
623	82	20.9491	-1
509	15	20.9491	-1
348	478	16.0313	-1
270	428	17.9491	-1
102	325	18.9491	-1
269	124	18.9491	-1
590	143	18.9491	-1
596	341	17.9491	-1
410	406	18.9491	-1
292	365	18.9491	-1
184	422	18.9491	-1
352	57	18.9491	-1
611	236	18.9491	-1
625	139	18.9491	-1
596	468	19.9491	-1
526	206	18.9491	-1
463	189	18.9491	-1
211	199	17.9491	-1
397	214	18.9491	-1
530	172	18.9491	-1
235	424	19.9491	-1
150	69	18.9491	-1
310	129	18.9491	-1
21	33	19.9491	-1
205	138	18.9491	-1
44	287	18.9491	-1
72	13	13.5804	-1
75	349	18.9491	-1
113	412	18.9491	-1
40	138	18.9491	-1
613	172	19.9491	-1
365	90	19.9491	-1
70	156	19.9491	-1
433	173	18.9491	-1
9	342	11.7982	-1
411	19	18.9491	-1
375	408	18.9491	-1
547	15	19.9491	-1
129	191	18.9491	-1
416	293	19.9491	-1
340	414	18.9491	-1
561	467	19.9491	-1
17	379	15.9512	-1
135	128	19.9491	-1
221	42	18.9491	-1
506	430	18.9491	-1
73	269	18.9491	-1
545	308	20.9491	-1
190	169	18.9491	-1
184	72	10.8524	-1
387	374	18.9491	-1
167	391	19.9491	-1
49	326	18.9491	-1
253	333	17.9491	-1
37	212	18.9491	-1
50	244	18.9491	-1
549	116	19.9491	-1
407	146	19.9491	-1
136	333	18.9491	-1
393	437	18.9491	-1
421	240	18.9491	-1
374	238	18.9491	-1
495	123	17.9491	-1
410	348	17.9491	-1
557	399	18.9491	-1
509	238	17.9491	-1
149	220	18.9491	-1
510	289	19.9491	-1
621	207.5	13.5001	-1
557	150	18.9491	-1
251	457	18.9491	-1
464	435	18.9491	-1
364	24	19.9491	-1
17	313	18.9491	-1
37	170	17.9491	-1
286	459	18.9491	-1
109	358	18.9491	-1
321	460	18.9491	-1
197	328	17.9491	-1
11	279	18.9491	-1
482	404	19.9491	-1
74	304	18.9491	-1
559	340	17.9491	-1
387	117	18.9491	-1
224	352	19.9491	-1
440	86	18.9491	-1
541	369	18.9491	-1
463	375	18.9491	-1
572	283	18.9491	-1
445	405	17.9491	-1
209	399	18.9491	-1
592	401	18.9491	-1
200	14	19.9491	-1
427	376	17.9491	-1
386	8	9.67883	-1
267	303	18.9491	-1
530	46	18.9491	-1
422	114	18.9491	-1
378	467	18.9491	-1
286	154	18.9491	-1
611	372	18.9491	-1
487	263	18.9491	-1
193	369	17.9491	-1
446	140	18.9491	-1
576	369	19.9491	-1
576	95	18.9491	-1
523	139	18.9491	-1
62	191	17.9491	-1
464	111	18.9491	-1
605	112	18.9491	-1
558	65	18.9491	-1
483	218	18.9491	-1
592	65	18.9491	-1
396	263	17.9491	-1
475	25	17.9491	-1
575	36	18.9491	-1
597	10	19.9491	-1
580	173	15.9491	-1
456	474	15.9491	-1
635	273	16.9491	-1
449	4	19.9491	-1
38	5	14.9491	-1
5	191	21.9491	-1
422	477	21.8933	-1
638	434	10.671	-1
637	350	16.9491	-1
198.5	478.5	16.5077	-1
