droplet 0.997407 94 452 38 27
droplet 0.987092 0 452 35 27
droplet 0.971689 32 175 35 35
droplet 0.968572 195 144 36 36
droplet 0.96765 62 408 35 35
droplet 0.967524 317 28 35 35
droplet 0.967353 207 332 35 35
droplet 0.966052 123 333 35 35
droplet 0.963229 601 231 35 35
droplet 0.961214 173 362 35 35
droplet 0.960258 434 403 35 35
droplet 0.959058 16 280 35 35
droplet 0.956681 126 369 38 38
droplet 0.956105 233 365 35 35
droplet 0.955466 0 141 32 35
droplet 0.949042 271 355 35 35
droplet 0.947586 303 341 35 35
droplet 0.946711 109 298 38 38
droplet 0.946108 132 404 35 35
droplet 0.945947 382 160 38 38
droplet 0.942173 68 303 35 35
droplet 0.940574 226 405 35 35
droplet 0.940553 464 378 35 35
droplet 0.939299 125 260 35 35
droplet 0.937416 27 214 38 38
droplet 0.936809 28 432 35 35
droplet 0.935569 615 305 24 38
droplet 0.935466 161 325 33 33
droplet 0.935403 193 179 35 35
droplet 0.935271 596 336 35 35
droplet 0.934994 209 242 35 35
droplet 0.934108 104 215 35 35
droplet 0.933073 167 262 33 33
droplet 0.932942 44 247 35 35
droplet 0.932632 67 213 35 35
droplet 0.93125 371 402 35 35
droplet 0.929342 387 126 35 35
droplet 0.929031 76 357 35 35
droplet 0.928492 0 400 33 38
droplet 0.926017 607 156 32 35
droplet 0.925952 188 67 36 36
droplet 0.925743 338 410 35 35
droplet 0.924971 286 276 35 35
droplet 0.924393 241 331 35 35
droplet 0.924393 336 375 35 35
droplet 0.922684 559 325 33 33
droplet 0.922649 16 333 35 35
droplet 0.922098 100 152 36 36
droplet 0.92123 243 286 35 35
droplet 0.919011 283 441 35 35
droplet 0.918233 374 198 35 35
droplet 0.917032 64 147 38 38
droplet 0.916389 450 117 35 35
droplet 0.915479 277 225 35 35
droplet 0.914817 488 174 35 35
droplet 0.913702 616 189 23 39
droplet 0.913389 399 344 35 35
droplet 0.91123 14 0 35 31
droplet 0.910772 323 442 38 37
droplet 0.910686 548 205 35 35
droplet 0.910465 462 343 35 35
droplet 0.910141 213 207 35 35
droplet 0.907933 51 335 33 33
droplet 0.907551 134 147 36 36
droplet 0.907291 139 437 35 35
droplet 0.90677 446 438 35 35
droplet 0.90533 505 24 35 35
droplet 0.903376 588 370 35 35
droplet 0.903211 526 341 35 35
droplet 0.901982 495 432 33 33
droplet 0.901636 184 300 35 35
droplet 0.901209 30 138 35 35
droplet 0.900717 300 376 35 35
droplet 0.900671 303 307 35 35
droplet 0.899631 278 189 35 35
droplet 0.899234 259 159 35 35
droplet 0.898749 588 403 33 33
droplet 0.898042 405 428 38 38
droplet 0.897412 146 288 35 35
droplet 0.8974 311 68 36 36
droplet 0.896959 373 233 35 35
droplet 0.894341 411 272 35 35
droplet 0.894113 176 228 35 35
droplet 0.892571 126 182 36 36
droplet 0.892537 308 242 38 38
droplet 0.891703 579 183 38 38
droplet 0.891323 598 34 35 35
droplet 0.891172 348 297 35 35
droplet 0.891068 125 53 35 35
droplet 0.890987 361 435 39 39
droplet 0.890898 280 44 39 39
droplet 0.890378 471 19 35 35
droplet 0.890292 339 223 35 35
droplet 0.888894 91 258 33 33
droplet 0.888617 343 57 35 35
droplet 0.888404 192 393 38 38
droplet 0.887772 150 206 36 36
droplet 0.887448 338 339 35 35
droplet 0.887041 527 445 35 34
droplet 0.88604 269 310 35 35
droplet 0.885493 93 66 36 36
droplet 0.884944 548 80 35 35
droplet 0.883815 267 392 38 38
droplet 0.883798 466 309 35 35
droplet 0.883665 158 171 38 38
droplet 0.883369 376 275 35 35
droplet 0.883235 354 120 35 35
droplet 0.882594 489 56 35 35
droplet 0.882462 308 207 35 35
droplet 0.882445 430 330 35 35
droplet 0.881893 494 331 35 35
droplet 0.881806 430 364 38 38
droplet 0.880923 343 0 35 35
droplet 0.880825 165 414 35 35
droplet 0.880146 400 306 38 38
droplet 0.880104 259 255 35 35
droplet 0.88008 606 122 33 35
droplet 0.879825 525 410 35 35
droplet 0.879292 525 375 35 35
droplet 0.879044 152 79 35 35
droplet 0.878898 225 459 39 20
droplet 0.878847 535 113 38 38
droplet 0.878584 347 154 36 36
droplet 0.878111 53 75 35 35
droplet 0.87713 429 241 35 35
droplet 0.87709 528 51 35 35
droplet 0.875849 250 430 35 35
droplet 0.875709 0 91 23 41
droplet 0.874193 556 357 35 35
droplet 0.873857 512 82 35 35
droplet 0.873649 556 392 35 35
droplet 0.873441 43 13 35 35
droplet 0.873286 556 426 35 35
droplet 0.87324 0 173 23 39
droplet 0.872863 398 380 35 35
droplet 0.872533 431 192 38 38
droplet 0.872123 369 324 35 35
droplet 0.87163 519 238 86 86
droplet 0.871621 244 191 35 35
droplet 0.871455 321 276 35 35
droplet 0.870481 98 32 35 35
droplet 0.868394 309 172 35 35
droplet 0.866665 576 143 35 35
droplet 0.866263 25 96 38 38
droplet 0.86622 563 459 35 20
droplet 0.866209 419 112 34 34
droplet 0.866022 301 410 38 38
droplet 0.865949 341 188 35 35
droplet 0.865144 32 46 35 35
droplet 0.864432 620 452 19 27
droplet 0.863461 446 162 35 35
droplet 0.862557 0 354 25 39
droplet 0.862346 395 25 35 35
droplet 0.862227 94 395 33 33
droplet 0.862099 370 88 36 36
droplet 0.861999 452 266 38 38
droplet 0.861984 435 297 35 35
droplet 0.860835 180 100 33 33
droplet 0.860566 119 87 35 35
droplet 0.859944 467 412 35 35
droplet 0.859254 4 27 35 35
droplet 0.858803 617 416 22 33
droplet 0.858349 475 88 38 38
droplet 0.85774 496 390 35 35
droplet 0.855779 570 107 38 38
droplet 0.854114 348 257 33 33
droplet 0.849637 86 99 33 33
droplet 0.848317 224 162 35 35
droplet 0.847125 209 278 33 33
droplet 0.84578 111 121 35 35
droplet 0.843708 376 0 38 33
droplet 0.843098 158 44 38 38
droplet 0.842256 163 11 36 36
droplet 0.841613 164 130 33 33
droplet 0.84051 520 145 38 38
droplet 0.839432 619 382 20 33
droplet 0.838266 588 434 38 38
droplet 0.837699 367 360 38 38
droplet 0.833841 618 1 21 41
droplet 0.832003 206 0 82 70
droplet 0.83188 22 73 24 24
droplet 0.829326 521 182 38 38
droplet 0.828273 600 88 35 35
droplet 0.827382 498 115 39 39
droplet 0.826533 336 91 36 36
droplet 0.824438 491 285 33 33
droplet 0.824258 551 164 35 35
droplet 0.82305 437 80 39 39
droplet 0.820949 577 62 35 35
droplet 0.820559 0 58 24 38
droplet 0.816017 59 114 29 29
droplet 0.815302 418 50 38 38
droplet 0.810979 218 66 89 89
droplet 0.810385 380 58 36 36
droplet 0.810102 558 34 35 35
droplet 0.809914 454 49 38 38
droplet 0.806742 283 11 34 34
droplet 0.801566 247 225 25 25
droplet 0.798594 404 215 38 38
droplet 0.797504 135 28 28 28
droplet 0.79281 414 0 29 24
droplet 0.791317 435 19 38 38
droplet 0.791299 86 185 32 32
droplet 0.788149 576 5 38 38
droplet 0.787696 473 141 38 38
droplet 0.78244 535 7 38 38
droplet 0.766301 307 0 38 24
droplet 0.76321 69 43 28 28
droplet 0.74905 422 153 28 28
droplet 0.738541 410 84 28 28
droplet 0.736848 299 126 43 43
droplet 0.735406 368 29 28 28
droplet 0.733413 526 319 25 25
droplet 0.718057 592 306 28 28
droplet 0.717682 612 273 27 28
droplet 0.655746 389 462 30 17
droplet 0.564166 558 0 31 18
droplet 0.542221 0 215 20 31
droplet 0.455837 166 440 62 39
