droplet 0.992394 405 452 38 27
droplet 0.970316 213 397 35 35
droplet 0.96623 65 357 35 35
droplet 0.960871 136 333 35 35
droplet 0.960189 477 452 38 27
droplet 0.958439 440 109 35 35
droplet 0.957882 192 257 33 33
droplet 0.95532 239 367 35 35
droplet 0.955026 155 96 35 35
droplet 0.954358 320 114 35 35
droplet 0.95377 169 356 35 35
droplet 0.953101 589 193 35 35
droplet 0.952809 239 331 35 35
droplet 0.951773 281 407 35 35
droplet 0.951656 477 104 35 35
droplet 0.950819 316 413 35 35
droplet 0.94973 489 351 35 35
droplet 0.949687 612 351 27 39
droplet 0.949472 205 356 35 35
droplet 0.948842 521 161 35 35
droplet 0.947556 551 68 35 35
droplet 0.946331 272 168 35 35
droplet 0.946141 374 297 35 35
droplet 0.945938 224 93 35 35
droplet 0.945786 583 229 39 39
droplet 0.94542 189 93 35 35
droplet 0.944885 436 142 35 35
droplet 0.944452 300 49 35 35
droplet 0.943793 73 158 35 35
droplet 0.942193 439 438 35 35
droplet 0.940757 95 331 39 39
droplet 0.94062 304 447 38 32
droplet 0.940609 165 139 35 35
droplet 0.940534 187 290 35 35
droplet 0.940151 312 147 35 35
droplet 0.939663 392 386 35 35
droplet 0.939299 283 291 35 35
droplet 0.939165 289 254 35 35
droplet 0.938549 192 58 38 38
droplet 0.938046 200 126 35 35
droplet 0.93764 594 159 35 35
droplet 0.937036 442 178 35 35
droplet 0.936267 118 193 35 35
droplet 0.936019 452 304 35 35
droplet 0.935675 556 161 35 35
droplet 0.935129 204 321 35 35
droplet 0.934703 85 258 35 35
droplet 0.934644 519 93 35 35
droplet 0.934042 208 161 35 35
droplet 0.933805 155 448 35 31
droplet 0.930438 496 282 35 35
droplet 0.930438 114 35 35 35
droplet 0.930284 41 184 35 35
droplet 0.930284 397 30 35 35
droplet 0.929835 120 265 35 35
droplet 0.929529 463 379 33 33
droplet 0.929507 549 225 35 35
droplet 0.929205 472 412 38 38
droplet 0.929186 104 297 35 35
droplet 0.929185 343 202 35 35
droplet 0.927594 273 374 35 35
droplet 0.927041 149 30 35 35
droplet 0.9269 108 160 35 35
droplet 0.926238 149 293 35 35
droplet 0.925988 432 0 35 34
droplet 0.925647 149 410 35 35
droplet 0.925508 497 316 35 35
droplet 0.924654 246 216 35 35
droplet 0.924269 86 425 33 33
droplet 0.923281 178 220 35 35
droplet 0.922768 131 133 35 35
droplet 0.922465 363 230 35 35
droplet 0.92173 611 108 28 38
droplet 0.921213 512 441 35 35
droplet 0.920667 279 134 35 35
droplet 0.919978 409 296 35 35
droplet 0.919123 89 459 39 20
droplet 0.918631 169 0 35 34
droplet 0.918261 208 197 38 38
droplet 0.918073 463 271 35 35
droplet 0.917144 490 136 35 35
droplet 0.917093 62 223 35 35
droplet 0.917093 49 69 35 35
droplet 0.916614 134 368 38 38
droplet 0.916489 49 255 38 38
droplet 0.916404 19 452 38 27
droplet 0.916227 400 159 39 39
droplet 0.916224 250 261 35 35
droplet 0.916143 306 181 38 38
droplet 0.915729 34 391 35 35
droplet 0.915399 394 0 35 31
droplet 0.914945 240 182 35 35
droplet 0.914799 396 207 35 35
droplet 0.914653 405 418 35 35
droplet 0.914089 525 127 35 35
droplet 0.913783 176 390 35 35
droplet 0.913401 437 403 35 35
droplet 0.913254 221 240 35 35
droplet 0.91264 274 326 35 35
droplet 0.912272 17 266 35 35
droplet 0.911966 72 289 33 33
droplet 0.911767 270 440 35 35
droplet 0.909605 513 226 38 38
droplet 0.909548 210 3 28 28
droplet 0.90947 428 267 35 35
droplet 0.90946 118 434 35 35
droplet 0.909313 249 297 35 35
droplet 0.908546 345 76 35 35
droplet 0.908535 600 423 35 35
droplet 0.908354 392 112 39 39
droplet 0.908019 120 100 35 35
droplet 0.907959 343 259 35 35
droplet 0.907897 268 9 35 35
droplet 0.907829 508 61 35 35
droplet 0.907433 453 237 35 35
droplet 0.907377 154 199 33 33
droplet 0.907108 578 293 38 38
droplet 0.90658 278 202 35 35
droplet 0.906322 79 190 39 39
droplet 0.906026 0 391 27 35
droplet 0.905619 10 69 38 38
droplet 0.90504 40 36 35 35
droplet 0.905008 489 250 33 33
droplet 0.90483 538 192 35 35
droplet 0.904659 364 12 35 35
droplet 0.904659 430 210 35 35
droplet 0.904464 579 330 35 35
droplet 0.904059 142 167 35 35
droplet 0.903804 234 19 38 38
droplet 0.903117 228 54 38 38
droplet 0.902557 50 423 35 35
droplet 0.902461 317 280 35 35
droplet 0.901919 359 367 35 35
droplet 0.901552 347 446 35 33
droplet 0.901281 175 172 35 35
droplet 0.900866 23 327 39 39
droplet 0.900737 307 222 38 38
droplet 0.899794 133 0 38 36
droplet 0.899408 341 305 35 35
droplet 0.897969 303 12 38 38
droplet 0.897639 155 258 38 38
droplet 0.897558 97 370 35 35
droplet 0.897532 588 50 39 39
droplet 0.896722 605 272 34 35
droplet 0.896047 342 164 35 35
droplet 0.895889 99 3 35 35
droplet 0.895701 38 296 35 35
droplet 0.895538 312 81 35 35
droplet 0.895356 619 23 20 34
droplet 0.895336 319 378 35 35
droplet 0.895068 532 34 35 35
droplet 0.894943 36 0 35 34
droplet 0.894687 97 127 35 35
droplet 0.894558 136 228 38 38
droplet 0.894032 219 277 35 35
droplet 0.892192 263 43 38 38
droplet 0.891892 355 110 33 33
droplet 0.891497 239 144 38 38
droplet 0.891302 284 100 35 35
droplet 0.891133 529 283 39 39
droplet 0.891115 187 458 39 21
droplet 0.889361 547 317 35 35
droplet 0.888426 80 95 35 35
droplet 0.888117 27 221 35 35
droplet 0.888027 466 205 35 35
droplet 0.88757 496 385 35 35
droplet 0.887245 607 390 32 35
droplet 0.886592 117 400 35 35
droplet 0.885701 39 149 35 35
droplet 0.885502 380 260 39 39
droplet 0.884613 66 13 35 35
droplet 0.88387 227 442 35 35
droplet 0.883804 548 436 35 35
droplet 0.883676 98 223 39 39
droplet 0.883311 565 400 35 35
droplet 0.882907 256 78 35 35
droplet 0.882211 333 40 33 33
droplet 0.882058 475 167 35 35
droplet 0.879893 253 114 33 33
droplet 0.879406 180 423 35 35
droplet 0.879221 61 321 38 38
droplet 0.878717 429 370 35 35
droplet 0.878136 555 258 38 38
droplet 0.877828 372 422 35 35
droplet 0.876682 6 20 38 38
droplet 0.876679 502 190 35 35
droplet 0.875902 368 141 33 33
droplet 0.875672 348 400 33 33
droplet 0.87486 299 351 35 35
droplet 0.874105 308 317 35 35
droplet 0.872632 366 47 35 35
droplet 0.870348 244 411 38 38
droplet 0.869966 524 405 39 39
droplet 0.869519 400 352 35 35
droplet 0.869201 333 0 38 32
droplet 0.869125 512 0 38 34
droplet 0.868453 170 321 35 35
droplet 0.868066 578 366 38 38
droplet 0.86751 455 345 35 35
droplet 0.866767 576 128 38 38
droplet 0.865326 63 125 35 35
droplet 0.864714 409 239 35 35
droplet 0.862488 465 14 35 35
droplet 0.862062 75 46 38 38
droplet 0.859967 191 24 35 35
droplet 0.859254 0 158 35 35
droplet 0.856781 447 73 38 38
droplet 0.856354 386 77 38 38
droplet 0.856046 104 68 38 38
droplet 0.855526 158 64 33 33
droplet 0.854034 69 392 38 38
droplet 0.853267 425 327 35 35
droplet 0.851648 6 191 38 38
droplet 0.850832 34 100 38 38
droplet 0.850261 440 37 35 35
droplet 0.850256 5 299 35 35
droplet 0.84929 566 26 35 35
droplet 0.849275 416 61 35 35
droplet 0.848997 552 104 35 35
droplet 0.847022 370 333 35 35
droplet 0.846074 0 237 34 38
droplet 0.845621 372 181 35 35
droplet 0.844019 334 340 38 38
droplet 0.839438 472 51 35 35
droplet 0.839168 12 363 38 38
droplet 0.838403 543 369 38 38
droplet 0.830814 13 128 35 35
droplet 0.822374 581 456 40 23
droplet 0.812833 549 5 27 27
droplet 0.811227 9 0 26 24
droplet 0.808645 582 87 38 38
droplet 0.807987 55 455 35 24
droplet 0.805374 521 341 38 38
droplet 0.791944 496 26 38 38
droplet 0.77783 598 9 27 27
droplet 0.773135 0 427 22 39
droplet 0.765379 0 98 25 42
droplet 0.76368 620 244 19 31
droplet 0.684398 621 321 18 31
droplet 0.575074 483 0 33 21
droplet 0.551986 0 75 17 25
droplet 0.523771 0 465 14 14
droplet 0.523638 76 0 32 19
droplet 0.505141 0 326 23 33
droplet 0.461063 0 213 17 29
droplet 0.459663 0 279 21 37
droplet 0.435972 0 364 18 28
droplet 0.405759 0 39 17 29
droplet 0.395106 0 139 19 26
