droplet 0.972554 281 271 35 35
droplet 0.95052 0 455 29 24
droplet 0.946384 322 215 33 33
droplet 0.945635 151 199 35 35
droplet 0.944972 621 149 18 35
droplet 0.944379 120 192 35 35
droplet 0.944163 249 64 35 35
droplet 0.943449 340 174 35 35
droplet 0.941766 612 439 27 35
droplet 0.941613 451 419 35 35
droplet 0.940465 513 322 36 36
droplet 0.937068 339 438 35 35
droplet 0.931202 0 415 31 38
droplet 0.930589 344 402 38 38
droplet 0.929894 376 130 47 47
droplet 0.929747 86 422 35 35
droplet 0.928879 351 368 35 35
droplet 0.927933 468 266 35 35
droplet 0.925862 602 406 35 35
droplet 0.924979 478 166 35 35
droplet 0.924534 496 11 35 35
droplet 0.924456 174 449 35 30
droplet 0.924333 155 420 35 35
droplet 0.92357 175 351 35 35
droplet 0.922782 280 123 35 35
droplet 0.921672 61 175 35 35
droplet 0.919812 598 123 35 35
droplet 0.91971 71 143 35 35
droplet 0.918334 604 275 35 35
droplet 0.917816 375 175 35 35
droplet 0.917715 314 115 35 35
droplet 0.917455 354 206 35 35
droplet 0.917159 26 387 38 38
droplet 0.916764 415 362 35 35
droplet 0.916085 65 457 38 22
droplet 0.91595 29 456 39 23
droplet 0.913486 332 333 35 35
droplet 0.911736 599 338 35 35
droplet 0.910328 304 149 35 35
droplet 0.909591 466 44 35 35
droplet 0.909234 569 367 35 35
droplet 0.908909 612 242 27 35
droplet 0.907585 306 244 35 35
droplet 0.907156 246 185 35 35
droplet 0.907134 157 384 35 35
droplet 0.90658 434 263 35 35
droplet 0.906333 500 44 35 35
droplet 0.905505 183 288 33 33
droplet 0.905307 47 340 35 35
droplet 0.904829 485 425 35 35
droplet 0.904659 346 105 35 35
droplet 0.904463 265 34 35 35
droplet 0.904209 244 219 35 35
droplet 0.904006 512 163 35 35
droplet 0.903522 306 301 35 35
droplet 0.90341 88 295 35 35
droplet 0.902961 307 183 35 35
droplet 0.902895 208 340 33 33
droplet 0.902643 47 425 35 35
droplet 0.902275 151 308 35 35
droplet 0.901309 222 401 35 35
droplet 0.901299 113 136 35 35
droplet 0.899841 453 298 35 35
droplet 0.899789 61 395 35 35
droplet 0.89837 578 247 35 35
droplet 0.897076 184 322 32 32
droplet 0.896723 67 17 36 36
droplet 0.896604 230 32 35 35
droplet 0.896604 338 140 35 35
droplet 0.896596 244 289 38 38
droplet 0.896436 299 336 33 33
droplet 0.896395 147 129 35 35
droplet 0.896099 136 162 35 35
droplet 0.895684 420 149 33 33
droplet 0.89527 243 254 35 35
droplet 0.894407 317 364 35 35
droplet 0.894279 5 254 35 35
droplet 0.894248 555 219 35 35
droplet 0.893663 98 105 35 35
droplet 0.893619 201 94 35 35
droplet 0.89303 114 323 35 35
droplet 0.892642 319 81 35 35
droplet 0.892081 241 431 35 35
droplet 0.891831 0 168 28 38
droplet 0.891588 142 341 35 35
droplet 0.891466 498 353 38 38
droplet 0.891183 577 434 38 38
droplet 0.890836 354 71 35 35
droplet 0.890816 379 95 38 38
droplet 0.890773 9 0 35 34
droplet 0.890339 428 116 35 35
droplet 0.889824 589 216 35 35
droplet 0.889703 90 42 35 35
droplet 0.889528 487 133 35 35
droplet 0.889015 491 293 35 35
droplet 0.888812 344 302 33 33
droplet 0.888528 93 261 35 35
droplet 0.888347 603 184 35 35
droplet 0.888339 213 236 35 35
droplet 0.888192 32 24 36 36
droplet 0.888027 183 220 35 35
droplet 0.887841 183 186 35 35
droplet 0.887633 18 224 33 33
droplet 0.887459 334 11 38 38
droplet 0.887435 211 305 35 35
droplet 0.887178 246 1 35 35
droplet 0.886813 34 122 33 33
droplet 0.886801 202 373 35 35
droplet 0.886801 419 294 35 35
droplet 0.886563 273 416 35 35
droplet 0.886535 375 240 35 35
droplet 0.885911 109 224 35 35
droplet 0.885627 126 371 35 35
droplet 0.885557 569 187 35 35
droplet 0.885524 240 326 35 35
droplet 0.885397 304 432 35 35
droplet 0.884946 363 38 35 35
droplet 0.884774 152 233 35 35
droplet 0.884562 286 376 33 33
droplet 0.884525 269 451 38 28
droplet 0.884498 43 244 35 35
droplet 0.884158 534 37 37 37
droplet 0.883925 182 123 35 35
droplet 0.883862 277 203 38 38
droplet 0.883633 273 311 35 35
droplet 0.883311 562 127 35 35
droplet 0.882802 413 85 35 35
droplet 0.882058 20 60 36 36
droplet 0.881213 267 346 35 35
droplet 0.881114 310 397 35 35
droplet 0.880923 223 119 35 35
droplet 0.880816 341 241 35 35
droplet 0.880665 120 413 38 38
droplet 0.880566 61 273 35 35
droplet 0.88054 212 270 35 35
droplet 0.880417 154 273 33 33
droplet 0.88008 81 330 35 35
droplet 0.87987 452 140 35 35
droplet 0.879272 109 448 38 31
droplet 0.878371 414 233 35 35
droplet 0.878332 77 78 35 35
droplet 0.878155 28 286 35 35
droplet 0.877744 396 435 38 38
droplet 0.877611 85 199 35 35
droplet 0.877587 121 288 38 38
droplet 0.877321 511 448 35 31
droplet 0.876853 603 373 35 35
droplet 0.876356 588 90 35 35
droplet 0.875622 442 173 33 33
droplet 0.874896 410 404 35 35
droplet 0.874607 214 201 35 35
droplet 0.87431 254 388 35 35
droplet 0.874193 181 253 35 35
droplet 0.873959 181 63 34 34
droplet 0.873736 498 194 35 35
droplet 0.873655 203 151 35 35
droplet 0.87351 72 363 35 35
droplet 0.872194 54 307 35 35
droplet 0.871717 407 0 33 29
droplet 0.871372 96 166 35 35
droplet 0.870407 20 189 35 35
droplet 0.87013 234 360 35 35
droplet 0.869838 25 153 38 38
droplet 0.868984 409 180 35 35
droplet 0.86886 0 286 31 38
droplet 0.868528 293 56 35 35
droplet 0.868398 583 302 35 35
droplet 0.86815 476 324 35 35
droplet 0.867283 568 402 35 35
droplet 0.867235 0 32 34 38
droplet 0.867058 539 384 35 35
droplet 0.866807 439 330 38 38
droplet 0.866665 214 62 35 35
droplet 0.865118 325 273 35 35
droplet 0.864857 399 265 35 35
droplet 0.86457 616 310 23 34
droplet 0.864329 383 356 33 33
droplet 0.864016 565 333 35 35
droplet 0.86336 251 98 38 38
droplet 0.86253 449 233 35 35
droplet 0.862385 539 250 35 35
droplet 0.861314 483 388 38 38
droplet 0.860768 432 205 33 33
droplet 0.859677 0 203 23 39
droplet 0.859134 274 238 33 33
droplet 0.858777 205 432 35 35
droplet 0.8587 328 46 38 38
droplet 0.858509 533 348 38 38
droplet 0.858212 482 226 35 35
droplet 0.857286 147 66 36 36
droplet 0.856584 521 72 35 35
droplet 0.856493 186 404 35 35
droplet 0.856427 359 271 35 35
droplet 0.855729 560 277 35 35
droplet 0.855505 0 70 23 29
droplet 0.855489 439 387 35 35
droplet 0.854806 211 2 35 35
droplet 0.854784 111 70 35 35
droplet 0.854234 365 327 35 35
droplet 0.853043 170 156 33 33
droplet 0.852506 126 254 35 35
droplet 0.852037 401 325 39 39
droplet 0.849876 0 378 29 38
droplet 0.849508 464 197 35 35
droplet 0.84902 506 103 35 35
droplet 0.848722 65 110 35 35
droplet 0.848689 0 128 37 39
droplet 0.848317 526 132 35 35
droplet 0.846666 161 35 35 35
droplet 0.846516 517 223 35 35
droplet 0.846166 542 427 38 38
droplet 0.844013 0 336 22 39
droplet 0.843795 75 232 35 35
droplet 0.843444 463 12 35 35
droplet 0.843116 618 22 21 41
droplet 0.842809 17 355 35 35
droplet 0.842689 14 316 38 38
droplet 0.841018 420 52 35 35
droplet 0.841007 460 105 39 39
droplet 0.839752 543 307 35 35
droplet 0.839356 461 357 39 39
droplet 0.839265 304 24 33 33
droplet 0.838386 10 94 38 38
droplet 0.836721 388 207 38 38
droplet 0.83473 132 97 38 38
droplet 0.833672 540 101 35 35
droplet 0.833335 41 0 38 28
droplet 0.83114 366 458 39 21
droplet 0.830299 388 63 33 33
droplet 0.827374 168 94 33 33
droplet 0.827087 369 3 38 38
droplet 0.826266 523 280 35 35
droplet 0.825968 55 51 35 35
droplet 0.825148 600 56 38 38
droplet 0.824646 43 84 35 35
droplet 0.823812 429 19 38 38
droplet 0.823363 279 0 38 36
droplet 0.821275 263 148 35 35
droplet 0.819936 141 6 37 37
droplet 0.819928 621 88 18 31
droplet 0.818737 48 208 38 38
droplet 0.817985 514 407 35 35
droplet 0.81784 177 5 33 33
droplet 0.816717 381 296 38 38
droplet 0.81669 125 37 37 37
droplet 0.812508 546 158 38 38
droplet 0.811047 395 26 38 38
droplet 0.809929 226 179 24 24
droplet 0.808947 532 191 38 38
droplet 0.808073 95 387 38 38
droplet 0.807571 482 73 39 39
droplet 0.806794 582 154 38 38
droplet 0.805033 447 73 35 35
droplet 0.804861 99 6 35 35
droplet 0.799561 500 253 38 38
droplet 0.799082 292 90 27 27
droplet 0.782507 386 400 26 26
droplet 0.768627 243 463 29 16
droplet 0.762425 201 33 27 27
droplet 0.732925 559 70 30 30
droplet 0.731302 575 43 32 32
droplet 0.715804 554 13 38 38
droplet 0.711074 591 10 32 32
droplet 0.631741 304 460 30 19
droplet 0.485809 622 215 17 30
droplet 0.420132 278 172 34 34
droplet 0.415147 85 0 27 17
droplet 0.405125 0 243 18 27
