droplet 0.975592 58 457 33 22
droplet 0.969044 0 179 31 37
droplet 0.968098 185 448 36 31
droplet 0.968073 427 447 36 32
droplet 0.96614 249 305 36 36
droplet 0.964806 309 238 36 36
droplet 0.962217 119 25 35 35
droplet 0.962202 291 410 33 33
droplet 0.961499 0 28 32 36
droplet 0.960992 507 448 36 31
droplet 0.960153 288 98 36 36
droplet 0.959055 244 82 37 37
droplet 0.958685 324 132 36 36
droplet 0.957278 422 361 33 33
droplet 0.957183 32 12 36 36
droplet 0.955423 211 275 36 36
droplet 0.9535 624 335 15 29
droplet 0.952382 319 170 37 37
droplet 0.952363 95 356 36 36
droplet 0.952243 117 128 36 36
droplet 0.952201 209 179 37 37
droplet 0.952075 181 250 36 36
droplet 0.951057 76 307 37 37
droplet 0.950727 358 259 36 36
droplet 0.950607 207 371 43 43
droplet 0.949977 400 254 37 37
droplet 0.94938 279 52 37 37
droplet 0.94764 0 118 28 37
droplet 0.946628 2 224 37 37
droplet 0.945595 22 443 36 36
droplet 0.944412 467 459 32 20
droplet 0.94328 499 289 36 36
droplet 0.943081 225 339 34 34
droplet 0.942567 0 438 21 37
droplet 0.942463 454 422 33 33
droplet 0.941422 83 269 37 37
droplet 0.940687 396 172 36 36
droplet 0.940419 337 204 36 36
droplet 0.939299 281 132 36 36
droplet 0.939277 322 391 36 36
droplet 0.939205 525 323 36 36
droplet 0.938944 384 214 36 36
droplet 0.938463 247 267 36 36
droplet 0.938045 153 1 36 36
droplet 0.937779 389 412 36 36
droplet 0.937748 182 208 36 36
droplet 0.937055 450 280 33 33
droplet 0.936491 169 374 36 36
droplet 0.936012 149 451 36 28
droplet 0.934868 413 288 36 36
droplet 0.934656 38 166 36 36
droplet 0.934195 416 326 36 36
droplet 0.933328 608 435 31 36
droplet 0.932992 166 115 37 37
droplet 0.932943 63 231 36 36
droplet 0.932942 135 234 36 36
droplet 0.932325 354 368 36 36
droplet 0.931001 575 398 36 36
droplet 0.929391 100 238 36 36
droplet 0.928746 55 195 37 37
droplet 0.927626 30 119 36 36
droplet 0.927321 36 310 36 36
droplet 0.926882 171 175 36 36
droplet 0.926768 111 205 36 36
droplet 0.926573 15 271 36 36
droplet 0.926547 616 399 23 40
droplet 0.926434 206 85 36 36
droplet 0.926395 430 393 33 33
droplet 0.925152 219 229 36 36
droplet 0.923901 357 105 36 36
droplet 0.923869 49 264 36 36
droplet 0.923727 120 432 36 36
droplet 0.923718 573 433 36 36
droplet 0.923168 418 215 36 36
droplet 0.922924 116 291 36 36
droplet 0.921516 242 150 36 36
droplet 0.92123 231 116 36 36
droplet 0.921213 158 417 36 36
droplet 0.918817 136 181 37 37
droplet 0.917583 21 84 36 36
droplet 0.917475 9 374 36 36
droplet 0.917308 483 406 36 36
droplet 0.917072 360 171 37 37
droplet 0.916049 245 204 37 37
droplet 0.914845 465 318 36 36
droplet 0.914414 80 166 36 36
droplet 0.913705 77 420 36 36
droplet 0.913691 131 355 36 36
droplet 0.913342 160 337 36 36
droplet 0.912137 322 95 36 36
droplet 0.911499 344 292 33 33
droplet 0.911313 384 352 36 36
droplet 0.911055 263 382 36 36
droplet 0.910841 369 315 36 36
droplet 0.91031 76 82 36 36
droplet 0.910185 169 303 33 33
droplet 0.909909 614 233 25 37
droplet 0.90985 418 12 36 36
droplet 0.909235 595 299 36 36
droplet 0.908901 223 10 37 37
droplet 0.908601 148 275 36 36
droplet 0.908504 33 345 37 37
droplet 0.908267 136 389 37 37
droplet 0.908019 60 136 36 36
droplet 0.907551 157 80 36 36
droplet 0.907465 309 292 36 36
droplet 0.90677 189 145 36 36
droplet 0.906483 97 458 33 21
droplet 0.906281 229 437 47 42
droplet 0.906171 64 367 33 33
droplet 0.905703 359 3 33 33
droplet 0.904065 467 183 37 37
droplet 0.903159 487 101 36 36
droplet 0.903157 458 218 36 36
droplet 0.901982 193 326 33 33
droplet 0.901832 99 393 36 36
droplet 0.900502 269 169 37 37
droplet 0.899451 484 136 36 36
droplet 0.898527 449 129 37 37
droplet 0.896311 97 51 36 36
droplet 0.895933 69 8 36 36
droplet 0.894802 257 340 36 36
droplet 0.894074 0 300 25 27
droplet 0.892642 501 200 36 36
droplet 0.892139 513 5 33 33
droplet 0.891186 557 349 37 37
droplet 0.889994 0 404 29 37
droplet 0.889937 593 367 37 37
droplet 0.889288 41 393 36 36
droplet 0.888156 391 111 36 36
droplet 0.888041 377 142 33 33
droplet 0.887435 500 234 36 36
droplet 0.886535 416 139 36 36
droplet 0.885627 316 55 36 36
droplet 0.884681 48 62 36 36
droplet 0.881739 618 90 21 37
droplet 0.880583 579 234 36 36
droplet 0.879826 282 314 36 36
droplet 0.879074 505 68 36 36
droplet 0.878754 6 326 33 33
droplet 0.878177 451 4 37 37
droplet 0.878158 475 258 36 36
droplet 0.877276 179 52 36 36
droplet 0.877095 288 358 36 36
droplet 0.876144 438 244 36 36
droplet 0.875386 482 348 37 37
droplet 0.874466 534 244 36 36
droplet 0.874308 598 201 37 37
droplet 0.873148 444 39 36 36
droplet 0.872409 481 24 36 36
droplet 0.872257 518 414 36 36
droplet 0.87204 534 183 36 36
droplet 0.869779 517 364 36 36
droplet 0.864407 595 264 36 36
droplet 0.863169 534 290 36 36
droplet 0.862961 439 164 36 36
droplet 0.86296 603 28 36 36
droplet 0.861537 455 368 36 36
droplet 0.86138 504 165 36 36
droplet 0.861148 345 34 36 36
droplet 0.861148 562 311 36 36
droplet 0.860974 541 441 36 36
droplet 0.860949 377 56 36 36
droplet 0.859912 456 87 36 36
droplet 0.85949 535 149 36 36
droplet 0.857074 552 118 36 36
droplet 0.856994 560 267 36 36
droplet 0.85697 384 24 36 36
droplet 0.856151 282 19 33 33
droplet 0.855786 348 72 33 33
droplet 0.854833 410 46 36 36
droplet 0.854641 590 333 36 36
droplet 0.854604 570 148 36 36
droplet 0.853436 615 0 24 26
droplet 0.852517 572 5 40 40
droplet 0.850524 599 167 36 36
droplet 0.850297 256 0 40 27
droplet 0.849915 94 0 45 25
droplet 0.848429 569 183 36 36
droplet 0.847452 551 213 36 36
droplet 0.847297 402 80 36 36
droplet 0.847194 325 3 36 36
droplet 0.846255 472 57 36 36
droplet 0.845091 532 89 36 36
droplet 0.842491 202 0 26 26
droplet 0.841984 542 388 36 36
droplet 0.8407 603 133 36 36
droplet 0.83824 569 42 36 36
droplet 0.834501 584 105 36 36
droplet 0.834011 397 2 25 25
droplet 0.832095 425 104 37 37
droplet 0.831581 596 63 36 36
droplet 0.828944 539 0 40 24
droplet 0.825668 483 0 36 25
droplet 0.824823 541 22 36 36
droplet 0.819974 513 38 32 32
droplet 0.817375 515 120 36 36
droplet 0.813266 564 77 36 36
droplet 0.811136 537 55 36 36
droplet 0.806272 239 44 27 27
droplet 0.628363 282 460 25 19
droplet 0.596215 620 301 19 35
droplet 0.544282 624 187 15 27
droplet 0.463609 297 0 34 25
droplet 0.414038 625 57 14 25
