droplet 0.993586 433 444 40 35
droplet 0.987569 489 451 38 28
droplet 0.98585 226 436 37 37
droplet 0.981275 160 211 36 36
droplet 0.975973 328 455 40 24
droplet 0.972854 295 413 36 36
droplet 0.964684 141 373 36 36
droplet 0.962305 331 422 37 37
droplet 0.951344 483 408 40 40
droplet 0.947596 102 362 37 37
droplet 0.947409 260 360 37 37
droplet 0.947058 226 352 37 37
droplet 0.946457 594 362 38 38
droplet 0.944566 261 395 37 37
droplet 0.942817 524 337 38 38
droplet 0.940056 177 343 38 38
droplet 0.929679 545 408 38 38
droplet 0.922911 182 379 36 36
droplet 0.917935 610 295 29 40
droplet 0.916924 523 377 38 38
droplet 0.904527 385 398 37 37
droplet 0.901289 362 323 37 37
droplet 0.896788 590 260 23 23
droplet 0.894867 580 405 36 36
droplet 0.891781 0 390 36 36
droplet 0.88882 59 421 35 35
droplet 0.883107 33 383 38 38
droplet 0.88125 609 250 30 38
droplet 0.878323 21 416 40 40
droplet 0.87317 400 433 38 38
droplet 0.868348 343 362 37 37
droplet 0.862015 321 387 36 36
droplet 0.844909 33 203 42 42
droplet 0.844343 184 437 38 38
droplet 0.843864 93 404 38 38
droplet 0.843261 469 19 42 42
droplet 0.842731 11 318 42 42
droplet 0.842728 403 333 42 42
droplet 0.841481 324 333 37 37
droplet 0.841334 293 349 39 39
droplet 0.839423 0 354 34 38
droplet 0.835674 284 12 42 42
droplet 0.832568 225 310 42 42
droplet 0.82849 582 283 34 34
droplet 0.828479 124 84 42 42
droplet 0.828242 10 267 42 42
droplet 0.827587 530 211 38 38
droplet 0.827468 250 22 42 42
droplet 0.827449 326 0 42 42
droplet 0.826606 288 280 42 42
droplet 0.825484 189 302 42 42
droplet 0.82297 163 276 42 42
droplet 0.82125 378 356 28 28
droplet 0.821023 218 34 42 42
droplet 0.820599 360 281 42 42
droplet 0.818513 35 342 42 42
droplet 0.818267 78 144 42 42
droplet 0.818123 110 115 42 42
droplet 0.817948 183 55 42 42
droplet 0.817473 541 55 42 42
droplet 0.816406 42 252 42 42
droplet 0.816107 552 137 42 42
droplet 0.81442 423 8 42 42
droplet 0.814271 495 38 42 42
droplet 0.813878 559 197 42 42
droplet 0.813637 289 244 42 42
droplet 0.81335 125 268 42 42
droplet 0.812977 551 235 42 42
droplet 0.812552 414 299 42 42
droplet 0.812298 329 235 42 42
droplet 0.807941 331 277 42 42
droplet 0.807346 357 15 42 42
droplet 0.804176 95 280 29 29
droplet 0.80373 386 27 42 42
droplet 0.803014 495 284 42 42
droplet 0.802943 79 178 42 42
droplet 0.802767 259 298 42 42
droplet 0.802101 76 309 42 42
droplet 0.800364 538 264 42 42
droplet 0.799642 130 404 29 29
droplet 0.799112 575 158 42 42
droplet 0.796338 397 273 42 42
droplet 0.795633 427 405 36 36
droplet 0.794821 407 363 42 42
droplet 0.794044 436 342 42 42
droplet 0.793403 474 315 42 42
droplet 0.791798 129 339 38 38
droplet 0.791178 110 437 38 38
droplet 0.790658 593 88 38 38
droplet 0.784376 332 30 42 42
droplet 0.784376 434 196 42 42
droplet 0.784376 466 196 42 42
droplet 0.784376 498 196 42 42
droplet 0.784375 271 42 42 42
droplet 0.784375 303 42 42 42
droplet 0.784375 414 78 42 42
droplet 0.784375 464 83 42 42
droplet 0.784375 193 91 42 42
droplet 0.784375 498 91 42 42
droplet 0.784375 190 122 42 42
droplet 0.784375 148 133 42 42
droplet 0.784375 416 142 42 42
droplet 0.784375 503 147 42 42
droplet 0.784375 443 163 42 42
droplet 0.784375 475 163 42 42
droplet 0.784375 191 217 42 42
droplet 0.784375 169 241 42 42
droplet 0.784375 75 245 42 42
droplet 0.784375 200 245 42 42
droplet 0.784375 408 245 42 42
droplet 0.784375 232 251 42 42
droplet 0.784375 376 251 42 42
droplet 0.784375 262 267 42 42
droplet 0.784375 204 275 42 42
droplet 0.784375 463 285 42 42
droplet 0.784375 51 289 42 42
droplet 0.784375 335 62 42 42
droplet 0.784375 223 94 42 42
droplet 0.784375 279 94 42 42
droplet 0.784375 335 94 42 42
droplet 0.784375 418 112 42 42
droplet 0.784375 238 126 42 42
droplet 0.784375 294 126 42 42
droplet 0.784375 350 126 42 42
droplet 0.784375 218 158 42 42
droplet 0.784375 274 158 42 42
droplet 0.784375 330 158 42 42
droplet 0.784375 547 166 42 42
droplet 0.784375 182 177 42 42
droplet 0.784375 240 186 42 42
droplet 0.784375 300 186 42 42
droplet 0.784375 378 186 42 42
droplet 0.784375 208 190 42 42
droplet 0.784375 351 202 42 42
droplet 0.784375 252 213 42 42
droplet 0.784375 284 213 42 42
droplet 0.784375 96 220 42 42
droplet 0.784375 442 247 42 42
droplet 0.784375 113 167 42 42
droplet 0.784375 464 228 42 42
droplet 0.784375 493 236 42 42
droplet 0.76959 588 123 38 38
droplet 0.76028 597 45 40 40
droplet 0.756149 70 381 26 26
droplet 0.754943 79 348 29 29
droplet 0.726909 590 223 36 36
droplet 0.718823 489 380 28 28
droplet 0.718005 538 114 26 26
droplet 0.70805 176 414 26 26
droplet 0.707166 238 395 26 26
droplet 0.703376 568 101 28 28
droplet 0.680818 562 6 26 26
droplet 0.674584 471 58 28 28
droplet 0.673854 393 1 24 24
droplet 0.621063 32 460 34 19
droplet 0.581609 21 39 22 22
droplet 0.427497 1 467 14 12
