droplet 1.01831 401 460 35 19
droplet 1 151 223 25 25
droplet 1 147 258 26 26
droplet 1 368 373 26 26
droplet 1 495 399 25 25
droplet 1 539 438 27 27
droplet 0.996562 438 450 39 29
droplet 0.993826 357 426 38 38
droplet 0.985834 80 395 33 33
droplet 0.981115 306 425 35 35
droplet 0.977493 54 230 35 35
droplet 0.975163 165 287 35 35
droplet 0.97385 5 414 36 36
droplet 0.971076 123 363 33 33
droplet 0.968553 119 300 36 36
droplet 0.966995 226 372 33 33
droplet 0.961068 24 192 36 36
droplet 0.958434 317 346 33 33
droplet 0.956603 411 386 33 33
droplet 0.952782 140 330 33 33
droplet 0.950136 68 348 34 34
droplet 0.945995 76 276 36 36
droplet 0.94497 112 419 35 35
droplet 0.942715 186 381 35 35
droplet 0.94069 224 440 36 36
droplet 0.937426 195 348 35 35
droplet 0.937321 619 426 20 39
droplet 0.933802 477 432 35 35
droplet 0.932455 445 402 38 38
droplet 0.92445 267 377 59 59
droplet 0.921272 565 442 38 37
droplet 0.920607 588 413 35 35
droplet 0.919588 41 314 36 36
droplet 0.918523 66 190 36 36
droplet 0.912625 612 276 27 38
droplet 0.90946 567 363 35 35
droplet 0.90763 324 135 56 56
droplet 0.895713 42 281 36 36
droplet 0.894279 24 251 36 36
droplet 0.891907 554 294 35 35
droplet 0.89155 556 329 35 35
droplet 0.89064 608 338 31 38
droplet 0.890003 586 307 39 39
droplet 0.888338 596 380 35 35
droplet 0.808136 413 421 34 34
droplet 0.624751 33 461 33 18
droplet 0.615475 623 465 14 14
droplet 0.540693 0 458 26 21
droplet 0.517696 621 311 18 30
