droplet 1 580 169 26 26
droplet 1 78 408 27 27
droplet 0.991373 99 367 37 37
droplet 0.951816 389 444 33 33
droplet 0.946586 431 438 33 33
droplet 0.911306 610 198 29 33
droplet 0.898675 448 275 38 38
droplet 0.897948 522 455 41 24
droplet 0.897645 418 405 35 35
droplet 0.894783 446 385 35 35
droplet 0.891995 607 266 32 38
droplet 0.889202 2 448 33 31
droplet 0.886353 264 231 38 38
droplet 0.882323 319 110 40 40
droplet 0.877763 0 92 63 63
droplet 0.863097 70 302 40 40
droplet 0.862559 470 359 38 38
droplet 0.852687 382 304 36 36
droplet 0.852085 57 434 36 36
droplet 0.851833 367 413 38 38
droplet 0.850203 451 312 38 38
droplet 0.847969 8 328 41 41
droplet 0.845216 133 371 38 38
droplet 0.843848 56 236 40 40
droplet 0.837151 109 128 36 36
droplet 0.83473 575 202 38 38
droplet 0.833808 387 381 40 40
droplet 0.832841 477 394 38 38
droplet 0.831989 290 205 38 38
droplet 0.831183 214 74 36 36
droplet 0.828651 529 35 36 36
droplet 0.825706 162 391 38 38
droplet 0.823406 421 179 27 27
droplet 0.821524 484 328 36 36
droplet 0.819946 577 406 62 65
droplet 0.816913 21 367 36 36
droplet 0.814847 574 275 38 38
droplet 0.813741 410 286 38 38
droplet 0.81341 604 298 35 38
droplet 0.810332 103 284 38 38
droplet 0.810195 291 133 38 38
droplet 0.8087 511 346 36 36
droplet 0.80818 448 237 38 38
droplet 0.806758 53 7 27 27
droplet 0.804907 508 379 36 36
droplet 0.801528 601 333 38 38
droplet 0.801435 508 414 36 36
droplet 0.801398 166 355 38 38
droplet 0.796481 43 342 36 36
droplet 0.795633 36 307 38 38
droplet 0.795424 37 395 36 36
droplet 0.794924 540 328 38 38
droplet 0.792549 511 308 38 38
droplet 0.791217 479 291 38 38
droplet 0.790531 12 248 41 41
droplet 0.789015 4 399 36 36
droplet 0.788573 104 320 38 38
droplet 0.788128 548 291 27 27
droplet 0.786731 123 94 40 40
droplet 0.775263 570 347 38 38
droplet 0.77494 598 367 38 38
droplet 0.771127 0 309 16 27
droplet 0.766066 41 274 36 36
droplet 0.75957 24 426 36 36
droplet 0.758693 539 363 38 38
droplet 0.75458 568 383 36 36
droplet 0.738865 7 286 38 38
droplet 0.737448 72 269 38 38
droplet 0.7255 536 396 40 40
droplet 0.715526 561 461 33 18
