52	437	17.8444	0	
181	477	18.7511	0	
170	310	17.8444	0	
339	406	17.8444	0	
205	94	17.4212	2	
172	409	16.9868	0	
500	226	17.8444	0	
206	410	17.8444	0	
90	209	17.8444	0	
210	376	16.9868	1	
306	384	16.9868	0	
100	81	17.8444	0	
362	235	17.8444	0	
557	343	17.8444	0	
252	191	16.9868	0	
364	32	17.8444	0	
244	258	16.9868	0	
302	350	17.8444	0	
241	405	17.8444	0	
360	67	17.8444	0	
582	371	15.7815	0	
63	236	17.8444	0	
550	468	17.8444	0	
343	269	17.8444	0	
20	246	17.8444	0	
231	439	17.8444	0	
120	52	17.8444	0	
218	126	17.8444	0	
504	411	17.8444	0	
293	225	17.8444	0	
458	344	18.7511	0	
64	168	17.8444	0	
91	337	17.8444	0	
253	128	16.9868	0	
111	477	17.8444	1	
361	445	16.9868	0	
57	202	17.8444	0	
332	334	16.9868	0	
638	380	18.7511	0	
177	375	17.8444	1	
412	103	17.8444	0	
149	125	17.8444	0	
562	191	17.8444	0	
262	287	16.9868	0	
349	167	17.8444	0	
278	34	17.8444	0	
259	68	16.9868	0	
196	444	17.8444	0	
413	267	17.8444	0	
144	384	16.9868	0	
389	200	17.8444	0	
259	459	17.8444	0	
516	377	17.8444	0	
472	250	16.9868	0	
577	301	17.8444	0	
343	101	16.9868	0	
416	332	17.8444	0	
329	138	17.8444	0	
35	28	17.8444	0	
368	380	16.9868	0	
183	128	17.8444	0	
155	160	17.8444	0	
75	109	17.8444	0	
539	408	17.8444	0	
327	444	17.8444	0	
550	376	16.9868	1	
528	441	16.9868	0	
426	300	17.8444	0	
360	313	17.8444	0	
45	334	17.8444	0	
328	301	17.8444	0	
8	85	17.8444	0	
329	225	17.8444	0	
85	371	17.8444	0	
99	176	18.7511	0	
355	201	17.8444	1	
290	318	16.9868	0	
110	114	17.8444	1	
277	255	16.9868	0	
186	341	17.8444	0	
428	364	17.8444	0	
241	223	17.8444	1	
596	192	17.8444	1	
206	312	17.8444	0	
273	99	16.9868	0	
87	142	17.8444	0	
270	424	17.8444	0	
327	72	16.9868	0	
273	389	17.8444	0	
152	350	17.8444	0	
52	136	17.8444	0	
462	23	17.8444	0	
286	191	17.8444	0	
296	286	17.8444	0	
391	298	17.8444	0	
489	319	17.8444	0	
178	244	17.8444	0	
398	70	17.8444	0	
29	395	17.8444	0	
118	362	17.8444	0	
82	274	17.8444	0	
98	243	17.8444	0	
425	457	16.9868	0	
322	191	17.8444	0	
18	426	16.9868	0	
10	326	18.7511	0	
24	212	16.9868	0	
363	348	16.9868	0	
239	97	17.8444	0	
221	344	17.8444	0	
336	369	17.8444	0	
51	367	16.9868	0	
304	417	17.8444	0	
477	384	17.8444	0	
174	33	17.8444	0	
134	88	17.8444	1	
73	15	16.5124	0	
458	451	17.8444	0	
133	187	17.8444	0	
17	360	17.8444	0	
442	86	17.8444	0	
67	75	16.9868	0	
427	51	17.8444	0	
377	267	17.8444	0	
36	63	17.8444	0	
158	215	17.8444	0	
634	282	16.9872	0	
197	274	17.8444	0	
169	96	18.7511	0	
122	147	17.8444	0	
138	298	16.9868	0	
48	268	17.8444	0	
125	329	16.9868	0	
199	159	17.8444	0	
312	41	17.8444	0	
624	214	17.8444	0	
590	334	17.8444	0	
89	422	16.9868	0	
123	219	17.8444	0	
397	34	17.8444	0	
522	58	17.8444	0	
22	459	16.9868	2	
312	255	16.9868	0	
162	443	17.8444	0	
191	63	16.9868	0	
482	477	17.8444	0	
1	284	18.7511	0	
396	237	16.9868	0	
245	37	17.8444	0	
466	215	18.7511	2	
457	310	15.7815	0	
411	138	17.8444	0	
84	456	17.8444	0	
531	212	16.9868	0	
268	160	17.8444	0	
213	244	16.9868	0	
363	130	17.8444	1	
448	273	16.9868	0	
107	18	17.8444	0	
377	98	17.8444	0	
292	70	17.8444	0	
158	63	17.8444	1	
31	179	17.8444	0	
293	450	17.8444	0	
502	192	17.8444	0	
521	337	17.8444	0	
614	120	18.7511	0	
141	23	17.8444	0	
480	285	17.8444	1	
504	260	17.8444	0	
334	14	17.8444	0	
562	225	16.9868	0	
440	240	16.9868	0	
489	76	17.8444	0	
42	98	17.8444	0	
64	399	17.8444	0	
535	246	17.8444	1	
68	308	18.7511	0	
519	92	17.8444	0	
547	278	16.9868	0	
218	188	17.8444	0	
395	441	16.9868	0	
402	393	18.7511	0	
244	370	17.8444	0	
602	156	18.7511	0	
20	126	17.8444	0	
494	445	17.8444	0	
111	396	17.8444	0	
209	34	17.8444	0	
104	302	17.8444	0	
545	312	16.9868	2	
491	353	17.8444	0	
461	57	17.8444	0	
228	287	16.9868	0	
196	214	17.8444	0	
382	157	17.8444	0	
623	249	17.8444	0	
34	299	17.8444	0	
224	65	17.8444	0	
613	85	18.7511	0	
394	358	17.8444	0	
116	443	17.8444	0	
472	139	17.8444	0	
581	92	16.9868	0	
562	435	16.9868	0	
118	270	16.9868	0	
581	55	17.8444	0	
473	175	17.8444	0	
445	393	17.8444	0	
469	418	17.8444	0	
288	130	17.8444	2	
443	189	16.9868	0	
144	247	17.8444	0	
574	402	17.8444	0	
622	347	17.8444	0	
492	41	17.8444	0	
424	422	18.7511	0	
580	20	17.8444	0	
552	73	17.8444	0	
442	155	17.8444	0	
304	161	17.8444	0	
580	128	17.8444	0	
550	38	17.8444	0	
612	307	17.8444	0	
85	45	17.8444	0	
267	344	17.8444	0	
163	276	17.8444	0	
472	105	17.8444	0	
412	175	17.8444	0	
244	317	17.8444	0	
515	293	18.7511	0	
233	157	16.9868	1	
308	102	17.8444	1	
502	122	17.8444	0	
420	214	16.9868	0	
585	461	17.8444	0	
532	139	17.8444	0	
611	39	17.8444	0	
572	257	17.8444	0	
177	186	17.8444	0	
373	413	16.9868	0	
531	174	17.8444	0	
562	157	17.8444	1	
594	230	17.8444	0	
441	121	17.8444	0	
549	109	18.7511	0	
519	20	17.8444	0	
502	156	17.8444	0	
638	60	18.7511	0	
608	370	11.9853	0	
601	275	17.8444	0	
490	1	18.7511	0	
594.6	429.2	17.0992	0	
516.733	471.686	17.7988	0	
608	395.5	17.4265	0	
396	4	15.4843	0	
631.818	446.364	14.7295	0	
298.182	6.36364	15.2989	0	
138.182	417.273	17.1887	2	
380.909	472.727	16.4026	0	
52.7273	473.636	17.5803	0	
426.364	15.4545	17.9867	0	
635.455	16.3636	16.5835	0	
218.182	471.818	17.1887	0	
143.636	472.727	17.7488	0	
