droplet 0.97806 328 460 38 19
droplet 0.969059 35 420 36 36
droplet 0.962421 163 459 38 20
droplet 0.944537 153 293 36 36
droplet 0.942926 322 389 36 36
droplet 0.939135 188 77 35 35
droplet 0.932368 156 393 34 34
droplet 0.928741 483 209 36 36
droplet 0.927116 189 393 36 36
droplet 0.926947 73 192 36 36
droplet 0.926734 194 360 34 34
droplet 0.922862 290 368 34 34
droplet 0.919811 83 64 36 36
droplet 0.919104 345 218 36 36
droplet 0.918969 540 326 36 36
droplet 0.916847 200 455 38 24
droplet 0.91615 236 175 34 34
droplet 0.915892 347 15 36 36
droplet 0.915745 228 242 34 34
droplet 0.91541 285 333 36 36
droplet 0.914653 224 388 36 36
droplet 0.91465 343 50 36 36
droplet 0.914364 567 356 32 32
droplet 0.913207 46 219 36 36
droplet 0.911282 533 451 36 28
droplet 0.910903 326 252 36 36
droplet 0.910841 3 229 36 36
droplet 0.910486 214 422 36 36
droplet 0.91031 103 35 36 36
droplet 0.910245 201 109 36 36
droplet 0.908019 487 394 36 36
droplet 0.907551 276 208 36 36
droplet 0.907359 440 326 38 38
droplet 0.90709 47 151 36 36
droplet 0.906989 74 320 36 36
droplet 0.90641 237 112 34 34
droplet 0.906116 94 460 36 19
droplet 0.90479 345 429 34 34
droplet 0.904659 40 185 36 36
droplet 0.904568 316 318 34 34
droplet 0.904308 620 362 19 38
droplet 0.904293 160 358 36 36
droplet 0.903582 395 86 36 36
droplet 0.902961 132 108 36 36
droplet 0.901919 545 174 36 36
droplet 0.901727 246 271 34 34
droplet 0.90151 332 150 36 36
droplet 0.900873 261 17 36 36
droplet 0.90009 243 52 34 34
droplet 0.899958 179 427 36 36
droplet 0.899861 396 250 36 36
droplet 0.899401 128 368 34 34
droplet 0.898894 372 183 36 36
droplet 0.898707 242 442 36 36
droplet 0.898593 499 360 36 36
droplet 0.897758 456 234 34 34
droplet 0.897558 560 284 36 36
droplet 0.897333 327 85 34 34
droplet 0.897111 399 315 36 36
droplet 0.896928 312 121 36 36
droplet 0.896604 18 11 36 36
droplet 0.896436 352 364 34 34
droplet 0.896035 166 111 36 36
droplet 0.896035 138 143 36 36
droplet 0.895713 58 92 36 36
droplet 0.895681 522 391 36 36
droplet 0.895657 310 427 36 36
droplet 0.894479 534 360 34 34
droplet 0.894409 512 425 34 34
droplet 0.894407 409 283 36 36
droplet 0.894087 343 296 36 36
droplet 0.893708 28 317 36 36
droplet 0.893421 311 284 36 36
droplet 0.893282 0 68 28 36
droplet 0.89322 312 208 36 36
droplet 0.892571 68 354 36 36
droplet 0.891616 81 158 38 38
droplet 0.89155 338 184 36 36
droplet 0.891245 274 302 34 34
droplet 0.890923 93 97 36 36
droplet 0.890748 261 239 34 34
droplet 0.890278 169 324 36 36
droplet 0.889226 411 347 36 36
droplet 0.889046 224 206 36 36
droplet 0.888814 579 175 36 36
droplet 0.88871 189 295 36 36
droplet 0.888482 257 83 34 34
droplet 0.888426 70 125 36 36
droplet 0.888405 253 407 36 36
droplet 0.888291 311 56 34 34
droplet 0.887841 256 372 36 36
droplet 0.887806 135 333 36 36
droplet 0.887622 35 119 36 36
droplet 0.887335 445 6 36 36
droplet 0.887107 269 174 36 36
droplet 0.886872 279 269 36 36
droplet 0.886777 374 281 36 36
droplet 0.886642 472 302 36 36
droplet 0.886274 363 458 40 21
droplet 0.88593 161 227 36 36
droplet 0.885858 381 53 36 36
droplet 0.88517 12 378 36 36
droplet 0.885027 126 458 40 21
droplet 0.884774 101 345 36 36
droplet 0.88472 65 257 36 36
droplet 0.884613 81 226 36 36
droplet 0.884562 409 441 34 34
droplet 0.884075 305 174 36 36
droplet 0.883441 2 410 34 34
droplet 0.883278 0 308 31 38
droplet 0.883173 8 196 34 34
droplet 0.882848 347 332 34 34
droplet 0.882792 222 80 36 36
droplet 0.882679 204 327 36 36
droplet 0.881986 319 352 36 36
droplet 0.881767 35 351 34 34
droplet 0.881724 287 400 36 36
droplet 0.881545 460 367 36 36
droplet 0.881544 157 16 36 36
droplet 0.88135 117 71 36 36
droplet 0.881228 57 0 33 33
droplet 0.88088 441 434 36 36
droplet 0.879964 116 170 36 36
droplet 0.879688 0 343 36 36
droplet 0.879574 425 69 36 36
droplet 0.879273 51 59 34 34
droplet 0.878582 410 34 36 36
droplet 0.877611 360 250 36 36
droplet 0.877382 19 46 36 36
droplet 0.877339 141 198 36 36
droplet 0.876915 618 266 21 34
droplet 0.876723 180 257 36 36
droplet 0.876272 151 78 38 38
droplet 0.87563 105 130 36 36
droplet 0.875629 122 282 34 34
droplet 0.8751 31 251 36 36
droplet 0.874798 109 313 34 34
droplet 0.874355 182 142 36 36
droplet 0.8742 295 24 36 36
droplet 0.873962 607 197 32 36
droplet 0.87361 573 317 36 36
droplet 0.873478 73 406 34 34
droplet 0.873441 106 202 36 36
droplet 0.873441 380 17 36 36
droplet 0.873408 505 41 36 36
droplet 0.872737 6 443 34 34
droplet 0.872687 296 239 34 34
droplet 0.872643 145 426 36 36
droplet 0.872546 175 47 34 34
droplet 0.872442 465 460 36 19
droplet 0.87216 0 266 22 38
droplet 0.872084 380 221 34 34
droplet 0.871982 228 20 36 36
droplet 0.871643 448 197 38 38
droplet 0.871612 442 295 32 32
droplet 0.871289 394 121 36 36
droplet 0.869883 67 439 36 36
droplet 0.869743 515 196 34 34
droplet 0.869359 251 143 36 36
droplet 0.869296 197 228 34 34
droplet 0.869277 346 113 36 36
droplet 0.868665 432 257 34 34
droplet 0.867735 90 1 36 36
droplet 0.867573 360 81 36 36
droplet 0.867408 275 53 36 36
droplet 0.866994 141 46 36 36
droplet 0.866403 14 162 36 36
droplet 0.865909 276 433 36 36
droplet 0.865812 485 175 36 36
droplet 0.864421 504 320 36 36
droplet 0.863596 596 102 38 38
droplet 0.863335 124 6 36 36
droplet 0.862619 463 268 36 36
droplet 0.862076 487 243 36 36
droplet 0.86189 317 0 36 34
droplet 0.861651 546 209 34 34
droplet 0.861526 424 224 34 34
droplet 0.860949 472 59 36 36
droplet 0.86078 25 81 36 36
droplet 0.860031 47 382 36 36
droplet 0.860014 518 229 36 36
droplet 0.859793 50 290 38 38
droplet 0.859597 502 75 36 36
droplet 0.859477 531 262 34 34
droplet 0.859453 201 171 36 36
droplet 0.85942 379 425 34 34
droplet 0.859255 384 375 38 38
droplet 0.858792 227 353 36 36
droplet 0.858698 584 138 38 38
droplet 0.85863 3 109 36 36
droplet 0.858496 477 428 36 36
droplet 0.858453 94 379 36 36
droplet 0.857958 192 17 36 36
droplet 0.85794 87 285 36 36
droplet 0.857362 529 296 34 34
droplet 0.857242 474 336 36 36
droplet 0.857022 444 40 36 36
droplet 0.856452 212 271 34 34
droplet 0.854807 179 197 36 36
droplet 0.854019 365 140 36 36
droplet 0.853991 606 232 33 36
droplet 0.853921 17 282 36 36
droplet 0.853236 207 48 36 36
droplet 0.852935 537 0 26 24
droplet 0.852779 595 67 38 38
droplet 0.852261 377 341 36 36
droplet 0.85224 99 426 36 36
droplet 0.851786 455 122 36 36
droplet 0.851549 565 76 34 34
droplet 0.849359 546 419 34 34
droplet 0.849349 102 254 34 34
droplet 0.8485 564 38 36 36
droplet 0.848026 456 158 36 36
droplet 0.847905 428 376 36 36
droplet 0.846976 452 401 36 36
droplet 0.846937 271 113 36 36
droplet 0.846633 427 173 34 34
droplet 0.846028 127 230 36 36
droplet 0.84574 557 385 36 36
droplet 0.844074 605 330 34 36
droplet 0.843352 408 0 40 36
droplet 0.843213 475 24 36 36
droplet 0.842572 406 404 38 38
droplet 0.84232 563 3 36 36
droplet 0.842032 535 56 36 36
droplet 0.841982 425 138 36 36
droplet 0.841615 287 144 36 36
droplet 0.841495 563 111 36 36
droplet 0.841393 621 6 18 30
droplet 0.841163 533 21 36 36
droplet 0.84097 595 290 36 36
droplet 0.840177 68 28 36 36
droplet 0.840177 250 327 36 36
droplet 0.839932 146 259 36 36
droplet 0.83956 455 88 36 36
droplet 0.839448 395 158 36 36
droplet 0.839152 227 300 36 36
droplet 0.838516 497 275 38 38
droplet 0.836357 217 141 34 34
droplet 0.834817 291 85 36 36
droplet 0.832906 485 105 36 36
droplet 0.832898 404 198 34 34
droplet 0.832657 568 444 36 35
droplet 0.832481 515 122 36 36
droplet 0.831346 594 22 36 36
droplet 0.82941 0 0 25 25
droplet 0.828993 555 240 36 36
droplet 0.82838 160 169 36 36
droplet 0.82834 357 397 34 34
droplet 0.827333 514 157 36 36
droplet 0.825968 545 140 36 36
droplet 0.825615 577 213 36 36
droplet 0.825319 424 104 36 36
droplet 0.824991 531 91 38 38
droplet 0.82445 502 3 36 36
droplet 0.82339 34 458 40 21
droplet 0.823121 485 139 36 36
droplet 0.820927 0 40 26 26
droplet 0.820198 620 42 19 38
droplet 0.81614 597 359 24 24
droplet 0.812961 584 258 36 36
droplet 0.80718 472 0 38 22
droplet 0.804775 299 461 31 18
droplet 0.789627 220 0 26 26
droplet 0.768837 578 413 34 34
droplet 0.765874 499 454 36 25
droplet 0.752045 591 379 35 35
droplet 0.739018 123 409 28 28
droplet 0.620499 622 306 17 29
droplet 0.491864 0 374 21 30
droplet 0.477166 381 0 31 21
droplet 0.458858 148 0 32 24
