droplet 0.98219 4 451 38 28
droplet 0.97214 612 317 27 38
droplet 0.952582 239 195 33 33
droplet 0.945275 212 371 36 36
droplet 0.943353 15 177 38 38
droplet 0.94172 99 79 36 36
droplet 0.941052 362 233 33 33
droplet 0.935141 100 113 36 36
droplet 0.934561 90 239 36 36
droplet 0.934149 127 252 36 36
droplet 0.932789 22 279 36 36
droplet 0.929996 487 347 36 36
droplet 0.92887 12 140 36 36
droplet 0.928118 362 363 33 33
droplet 0.927821 402 437 33 33
droplet 0.927633 329 238 33 33
droplet 0.926171 0 307 32 36
droplet 0.925585 91 274 36 36
droplet 0.924971 338 270 36 36
droplet 0.922976 247 285 33 33
droplet 0.922931 399 404 33 33
droplet 0.92247 458 391 36 36
droplet 0.922193 248 227 33 33
droplet 0.921173 133 392 33 33
droplet 0.920419 63 306 36 36
droplet 0.920419 454 356 36 36
droplet 0.920318 331 381 36 36
droplet 0.91856 72 49 36 36
droplet 0.917273 56 271 36 36
droplet 0.916733 244 11 36 36
droplet 0.916376 163 332 33 33
droplet 0.916224 395 203 36 36
droplet 0.91615 201 404 33 33
droplet 0.915644 113 182 33 33
droplet 0.915075 164 267 36 36
droplet 0.91351 123 454 38 25
droplet 0.9134 65 82 36 36
droplet 0.91264 278 14 36 36
droplet 0.912549 612 366 27 36
droplet 0.91165 462 459 38 20
droplet 0.911205 334 40 36 36
droplet 0.911098 38 430 36 36
droplet 0.910945 182 211 33 33
droplet 0.910903 390 330 36 36
droplet 0.910138 367 434 36 36
droplet 0.909451 281 290 33 33
droplet 0.908548 485 308 36 36
droplet 0.90709 7 70 36 36
droplet 0.906503 361 298 36 36
droplet 0.906176 155 300 33 33
droplet 0.906022 156 6 36 36
droplet 0.905521 302 178 36 36
droplet 0.904301 526 152 36 36
droplet 0.903883 269 168 36 36
droplet 0.903806 173 174 36 36
droplet 0.903164 206 187 33 33
droplet 0.902961 287 136 36 36
droplet 0.902461 428 228 36 36
droplet 0.901582 221 308 36 36
droplet 0.900742 13 244 38 38
droplet 0.900562 254 139 33 33
droplet 0.900262 304 408 36 36
droplet 0.899423 295 228 36 36
droplet 0.898593 313 11 36 36
droplet 0.898158 366 395 36 36
droplet 0.897566 453 322 36 36
droplet 0.896831 420 76 36 36
droplet 0.896678 430 454 38 25
droplet 0.896116 578 314 36 36
droplet 0.895528 443 7 36 36
droplet 0.895064 269 403 36 36
droplet 0.894407 154 231 36 36
droplet 0.894248 109 354 36 36
droplet 0.893817 144 194 36 36
droplet 0.893708 320 145 36 36
droplet 0.893671 88 447 36 32
droplet 0.893075 622 285 17 33
droplet 0.891781 224 253 36 36
droplet 0.891621 236 342 36 36
droplet 0.890695 282 436 36 36
droplet 0.890369 143 359 36 36
droplet 0.890075 44 344 36 36
droplet 0.88877 45 146 36 36
droplet 0.888681 85 204 36 36
droplet 0.888268 55 236 36 36
droplet 0.887772 265 106 36 36
droplet 0.887705 199 276 36 36
droplet 0.887084 442 162 33 33
droplet 0.886872 35 99 36 36
droplet 0.886813 452 254 33 33
droplet 0.88653 50 15 36 36
droplet 0.885689 167 69 36 36
droplet 0.885573 0 382 28 29
droplet 0.885535 145 41 36 36
droplet 0.885287 271 349 36 36
droplet 0.885234 361 201 33 33
droplet 0.885146 365 54 33 33
droplet 0.884946 521 352 36 36
droplet 0.884928 587 65 38 38
droplet 0.884382 133 74 36 36
droplet 0.88424 494 114 44 44
droplet 0.883629 271 202 36 36
droplet 0.883441 355 141 33 33
droplet 0.883441 542 253 33 33
droplet 0.883353 316 73 36 36
droplet 0.883137 299 43 36 36
droplet 0.88307 296 321 36 36
droplet 0.883032 459 104 36 36
droplet 0.882081 165 138 33 33
droplet 0.881808 196 148 36 36
droplet 0.881425 432 130 33 33
droplet 0.881114 579 202 36 36
droplet 0.880712 517 318 36 36
droplet 0.880336 551 178 36 36
droplet 0.880135 108 45 36 36
droplet 0.87987 222 125 36 36
droplet 0.87934 326 303 36 36
droplet 0.879144 617 439 22 38
droplet 0.878714 214 220 36 36
droplet 0.878714 187 307 36 36
droplet 0.878111 5 35 36 36
droplet 0.878048 466 425 36 36
droplet 0.877794 393 370 36 36
droplet 0.877655 178 435 36 36
droplet 0.87709 66 117 36 36
droplet 0.87687 493 403 36 36
droplet 0.876348 188 243 36 36
droplet 0.876179 611 402 28 36
droplet 0.876144 334 113 36 36
droplet 0.875852 200 60 36 36
droplet 0.875672 319 348 33 33
droplet 0.875581 36 50 38 38
droplet 0.875464 568 279 38 38
droplet 0.875099 118 218 36 36
droplet 0.87486 215 90 36 36
droplet 0.874649 166 396 36 36
droplet 0.874167 473 40 38 38
droplet 0.873496 177 362 36 36
droplet 0.873286 394 140 36 36
droplet 0.872964 430 416 38 38
droplet 0.872257 129 324 36 36
droplet 0.871391 370 111 36 36
droplet 0.871125 349 331 36 36
droplet 0.870925 349 83 36 36
droplet 0.870667 316 443 36 36
droplet 0.870637 179 32 36 36
droplet 0.870315 301 104 36 36
droplet 0.870001 30 313 36 36
droplet 0.869774 259 316 36 36
droplet 0.86951 582 348 36 36
droplet 0.869509 374 168 36 36
droplet 0.869136 28 213 36 36
droplet 0.868812 247 375 36 36
droplet 0.868742 583 457 38 22
droplet 0.868669 420 348 36 36
droplet 0.867999 145 425 36 36
droplet 0.86764 517 185 36 36
droplet 0.86751 265 46 36 36
droplet 0.86716 85 16 36 36
droplet 0.867028 302 262 38 38
droplet 0.866398 265 255 38 38
droplet 0.866201 123 287 36 36
droplet 0.865812 477 275 36 36
droplet 0.865662 229 161 36 36
droplet 0.865523 210 15 36 36
droplet 0.864929 248 438 36 36
droplet 0.864929 202 338 36 36
droplet 0.864464 395 237 36 36
droplet 0.86438 517 230 33 33
droplet 0.863857 484 241 36 36
droplet 0.863314 139 159 36 36
droplet 0.863082 591 131 38 38
droplet 0.862488 434 194 36 36
droplet 0.861451 408 171 36 36
droplet 0.861366 296 374 36 36
droplet 0.860949 106 147 36 36
droplet 0.859669 384 0 38 25
droplet 0.859545 231 43 36 36
droplet 0.859503 69 371 36 36
droplet 0.859179 156 101 36 36
droplet 0.858507 6 339 38 38
droplet 0.85831 348 2 36 36
droplet 0.858255 510 265 36 36
droplet 0.857258 546 212 36 36
droplet 0.857119 78 338 36 36
droplet 0.857074 189 113 36 36
droplet 0.856993 492 158 36 36
droplet 0.85698 338 416 36 36
droplet 0.85677 325 204 36 36
droplet 0.856046 372 264 36 36
droplet 0.85534 110 420 36 36
droplet 0.855257 246 75 36 36
droplet 0.855223 569 103 36 36
droplet 0.854968 405 108 36 36
droplet 0.852428 409 13 36 36
droplet 0.852266 233 408 36 36
droplet 0.852004 98 387 36 36
droplet 0.851454 602 98 36 36
droplet 0.851152 54 189 36 36
droplet 0.850899 537 116 36 36
droplet 0.850792 76 414 36 36
droplet 0.850657 619 47 20 38
droplet 0.850236 396 291 36 36
droplet 0.849211 198 464 29 15
droplet 0.849018 339 173 36 36
droplet 0.847297 425 382 36 36
droplet 0.84721 76 162 36 36
droplet 0.846521 478 6 36 36
droplet 0.845699 2 107 36 36
droplet 0.845593 213 436 36 36
droplet 0.845583 10 406 38 38
droplet 0.845284 535 288 36 36
droplet 0.844975 507 55 36 36
droplet 0.844733 523 385 36 36
droplet 0.844725 509 20 36 36
droplet 0.844391 585 168 36 36
droplet 0.843161 123 13 36 36
droplet 0.842569 588 31 36 36
droplet 0.842353 607 226 32 36
droplet 0.842256 24 372 36 36
droplet 0.841434 443 287 38 38
droplet 0.840612 376 21 36 36
droplet 0.839931 282 76 36 36
droplet 0.839606 419 263 36 36
droplet 0.839506 549 331 36 36
droplet 0.838818 132 125 36 36
droplet 0.838198 17 3 36 36
droplet 0.8361 554 440 36 36
droplet 0.83128 550 70 40 40
droplet 0.830998 464 137 36 36
droplet 0.830849 433 40 36 36
droplet 0.830805 47 397 36 36
droplet 0.830676 398 46 38 38
droplet 0.830154 460 217 36 36
droplet 0.829125 523 422 36 36
droplet 0.828439 385 79 36 36
droplet 0.827333 495 443 36 36
droplet 0.82711 454 70 36 36
droplet 0.82636 467 183 36 36
droplet 0.825583 552 367 36 36
droplet 0.82332 520 86 36 36
droplet 0.821979 559 143 36 36
droplet 0.816222 486 82 36 36
droplet 0.814341 582 384 36 36
droplet 0.814314 612 196 27 29
droplet 0.813976 572 237 36 36
droplet 0.809246 538 40 36 36
droplet 0.808728 584 422 36 36
droplet 0.806704 98 309 36 36
droplet 0.80604 492 207 36 36
droplet 0.805556 420 314 36 36
droplet 0.802748 597 259 38 38
droplet 0.800943 185 0 40 24
droplet 0.799275 107 0 24 23
droplet 0.797816 558 14 36 36
droplet 0.794987 42 462 31 17
droplet 0.793629 552 403 38 38
droplet 0.786463 593 0 34 34
droplet 0.785262 568 0 25 15
droplet 0.778852 527 458 34 21
droplet 0.776574 624 154 15 28
droplet 0.766875 527 0 42 25
droplet 0.729158 78 0 24 15
droplet 0.636068 368 463 29 16
droplet 0.508687 291 0 31 19
droplet 0.480598 502 0 27 19
droplet 0.479182 326 0 29 19
droplet 0.475008 0 422 18 31
droplet 0.471973 0 89 18 31
droplet 0.447415 257 0 30 18
droplet 0.417651 225 0 29 17
