droplet 0.947996 69 100 36 36
droplet 0.945713 173 107 36 36
droplet 0.941333 166 447 38 32
droplet 0.939595 206 81 36 36
droplet 0.939102 123 18 36 36
droplet 0.938474 354 457 38 22
droplet 0.938182 208 115 36 36
droplet 0.932075 83 0 38 34
droplet 0.930132 243 117 36 36
droplet 0.929167 5 444 36 35
droplet 0.928249 67 135 36 36
droplet 0.92716 264 148 33 33
droplet 0.925861 278 116 36 36
droplet 0.925326 84 300 33 33
droplet 0.924146 237 270 36 36
droplet 0.924092 475 320 33 33
droplet 0.921521 232 149 33 33
droplet 0.921398 343 388 36 36
droplet 0.920929 205 279 33 33
droplet 0.920583 60 328 36 36
droplet 0.919379 143 284 33 33
droplet 0.918758 67 200 33 33
droplet 0.917762 537 297 33 33
droplet 0.917597 8 4 38 38
droplet 0.917292 288 178 33 33
droplet 0.916566 207 362 33 33
droplet 0.916565 148 48 36 36
droplet 0.916329 89 171 36 36
droplet 0.916205 217 48 36 36
droplet 0.915842 312 113 36 36
droplet 0.915706 210 242 36 36
droplet 0.914339 505 288 33 33
droplet 0.914266 416 188 36 36
droplet 0.914077 343 175 36 36
droplet 0.91264 208 396 36 36
droplet 0.912595 550 23 36 36
droplet 0.911573 505 452 36 27
droplet 0.911389 32 137 36 36
droplet 0.911343 35 103 36 36
droplet 0.910247 58 261 36 36
droplet 0.909922 584 335 33 33
droplet 0.909922 240 84 33 33
droplet 0.90985 135 216 36 36
droplet 0.907641 124 428 36 36
droplet 0.906837 136 82 40 40
droplet 0.906729 366 415 33 33
droplet 0.90658 132 251 36 36
droplet 0.906104 7 228 36 36
droplet 0.905868 55 404 36 36
droplet 0.904855 289 236 36 36
droplet 0.904463 136 119 36 36
droplet 0.904081 196 148 36 36
droplet 0.904006 84 32 36 36
droplet 0.902832 144 363 36 36
droplet 0.902546 508 321 36 36
droplet 0.902014 302 408 38 38
droplet 0.901833 297 146 36 36
droplet 0.901714 324 238 36 36
droplet 0.901277 0 105 35 36
droplet 0.89923 334 428 36 36
droplet 0.899019 345 210 36 36
droplet 0.898513 172 270 36 36
droplet 0.898425 381 328 36 36
droplet 0.897456 182 180 36 36
droplet 0.896777 176 383 36 36
droplet 0.896722 198 429 36 36
droplet 0.896389 613 88 26 38
droplet 0.895629 548 0 29 25
droplet 0.895586 311 200 36 36
droplet 0.89527 103 91 36 36
droplet 0.893394 378 178 36 36
droplet 0.892855 42 226 38 38
droplet 0.892479 229 445 38 34
droplet 0.890657 50 295 36 36
droplet 0.889653 54 167 36 36
droplet 0.889279 275 82 36 36
droplet 0.888636 589 366 44 44
droplet 0.888187 273 22 33 33
droplet 0.887372 474 463 32 16
droplet 0.887335 309 78 36 36
droplet 0.886642 331 143 36 36
droplet 0.886545 0 375 24 38
droplet 0.886278 570 302 33 33
droplet 0.885688 100 125 36 36
droplet 0.885287 78 66 36 36
droplet 0.88517 251 238 36 36
droplet 0.884513 0 196 34 36
droplet 0.884059 270 428 36 36
droplet 0.883804 515 21 36 36
droplet 0.883369 204 13 36 36
droplet 0.882509 619 184 20 38
droplet 0.881808 46 56 36 36
droplet 0.879775 164 139 36 36
droplet 0.879403 550 329 36 36
droplet 0.878839 412 4 36 36
droplet 0.878425 558 271 33 33
droplet 0.878332 239 412 36 36
droplet 0.878269 90 248 36 36
droplet 0.878136 113 51 38 38
droplet 0.876679 20 400 36 36
droplet 0.876612 41 371 36 36
droplet 0.876599 446 9 36 36
droplet 0.87563 173 305 36 36
droplet 0.875369 457 375 36 36
droplet 0.875006 421 268 36 36
droplet 0.874735 329 48 36 36
droplet 0.874649 380 212 36 36
droplet 0.874494 239 376 36 36
droplet 0.874175 293 0 38 26
droplet 0.874023 49 0 38 23
droplet 0.873692 364 55 33 33
droplet 0.873148 32 194 36 36
droplet 0.872975 96 212 40 40
droplet 0.872899 85 425 40 40
droplet 0.872527 557 366 36 36
droplet 0.871621 267 354 36 36
droplet 0.870925 438 225 36 36
droplet 0.870795 73 360 36 36
droplet 0.870765 454 194 38 38
droplet 0.870382 596 211 38 38
droplet 0.870378 182 40 36 36
droplet 0.870351 27 320 36 36
droplet 0.869883 173 73 36 36
droplet 0.869786 165 228 44 44
droplet 0.869637 234 342 36 36
droplet 0.869394 422 37 36 36
droplet 0.867846 162 11 36 36
droplet 0.867729 176 350 33 33
droplet 0.867232 294 454 38 25
droplet 0.866762 366 145 36 36
droplet 0.866652 87 391 36 36
droplet 0.865967 439 162 36 36
droplet 0.865662 528 53 36 36
droplet 0.865444 252 178 36 36
droplet 0.86525 272 207 36 36
droplet 0.864288 510 227 36 36
droplet 0.864236 358 355 36 36
droplet 0.864168 344 81 36 36
droplet 0.864121 476 224 36 36
droplet 0.863726 38 435 36 36
droplet 0.863688 454 256 36 36
droplet 0.863462 293 330 38 38
droplet 0.863335 439 298 36 36
droplet 0.862935 576 243 36 36
droplet 0.862769 239 18 36 36
droplet 0.862385 94 332 36 36
droplet 0.862209 489 256 36 36
droplet 0.861931 401 297 36 36
droplet 0.86176 42 19 38 38
droplet 0.861515 305 268 36 36
droplet 0.861246 378 0 36 35
droplet 0.861111 22 258 38 38
droplet 0.860724 448 341 36 36
droplet 0.860449 590 408 36 36
droplet 0.860142 603 307 36 36
droplet 0.860033 610 434 29 36
droplet 0.860013 405 236 36 36
droplet 0.859192 109 364 36 36
droplet 0.858964 562 55 36 36
droplet 0.85839 4 289 36 36
droplet 0.858358 448 101 36 36
droplet 0.858217 493 195 36 36
droplet 0.857958 555 411 36 36
droplet 0.857819 405 155 36 36
droplet 0.857391 233 209 36 36
droplet 0.857286 461 134 36 36
droplet 0.855489 413 96 36 36
droplet 0.854898 340 270 36 36
droplet 0.85428 471 286 36 36
droplet 0.853076 598 55 36 36
droplet 0.852985 482 107 36 36
droplet 0.852739 268 393 36 36
droplet 0.852438 122 151 36 36
droplet 0.852428 425 387 36 36
droplet 0.852222 138 0 33 22
droplet 0.851489 426 129 36 36
droplet 0.851087 452 409 36 36
droplet 0.85028 0 414 27 28
droplet 0.849959 400 64 36 36
droplet 0.849618 351 114 36 36
droplet 0.849582 572 442 36 36
droplet 0.849164 479 430 36 36
droplet 0.849144 538 441 36 36
droplet 0.84879 11 39 38 38
droplet 0.847521 320 299 36 36
droplet 0.847169 470 74 36 36
droplet 0.846838 525 260 36 36
droplet 0.846535 323 350 36 36
droplet 0.846516 389 31 36 36
droplet 0.846406 147 329 36 36
droplet 0.8459 229 303 36 36
droplet 0.845863 606 149 33 36
droplet 0.845616 435 69 36 36
droplet 0.845349 366 294 36 36
droplet 0.845305 260 318 36 36
droplet 0.844815 271 266 36 36
droplet 0.84444 329 0 36 34
droplet 0.844301 377 89 38 38
droplet 0.844074 296 373 36 36
droplet 0.842844 345 322 36 36
droplet 0.841878 120 184 36 36
droplet 0.840796 108 277 36 36
droplet 0.840638 216 179 36 36
droplet 0.840056 199 210 36 36
droplet 0.838905 14 351 36 36
droplet 0.837914 475 166 36 36
droplet 0.837317 456 42 36 36
droplet 0.836493 360 242 36 36
droplet 0.835492 590 274 36 36
droplet 0.834037 586 177 36 36
droplet 0.834006 127 393 36 36
droplet 0.833867 150 170 36 36
droplet 0.833002 386 265 36 36
droplet 0.832906 16 75 36 36
droplet 0.832762 379 381 38 38
droplet 0.831842 405 357 38 38
droplet 0.831796 613 243 26 40
droplet 0.831601 202 327 36 36
droplet 0.83091 479 16 36 36
droplet 0.830507 517 112 36 36
droplet 0.828032 12 165 36 36
droplet 0.827495 493 47 36 36
droplet 0.827094 0 321 29 40
droplet 0.82667 515 168 36 36
droplet 0.82652 578 86 36 36
droplet 0.826222 505 80 36 36
droplet 0.825686 571 146 36 36
droplet 0.823036 557 114 36 36
droplet 0.821615 286 296 36 36
droplet 0.820858 0 137 26 38
droplet 0.819827 155 410 40 40
droplet 0.819719 288 51 36 36
droplet 0.819719 392 123 36 36
droplet 0.819639 496 139 36 36
droplet 0.818246 353 22 36 36
droplet 0.817559 119 309 36 36
droplet 0.816762 592 118 36 36
droplet 0.816635 306 23 36 36
droplet 0.815201 251 49 40 40
droplet 0.814956 229 0 24 24
droplet 0.814305 549 172 36 36
droplet 0.810718 512 419 36 36
droplet 0.810489 65 457 38 22
droplet 0.81041 613 7 26 49
droplet 0.807949 564 204 33 33
droplet 0.807906 394 428 56 51
droplet 0.805737 536 141 36 36
droplet 0.803571 0 61 22 36
droplet 0.800475 507 375 29 29
droplet 0.797239 419 326 36 36
droplet 0.790415 528 387 38 38
droplet 0.789399 257 0 40 24
droplet 0.785097 539 86 36 36
droplet 0.785038 524 352 36 36
droplet 0.783505 485 394 38 38
droplet 0.76161 621 406 18 31
droplet 0.761233 529 202 26 26
droplet 0.759171 551 244 23 23
droplet 0.755835 589 0 32 31
droplet 0.75146 264 459 33 20
droplet 0.738835 483 354 26 26
droplet 0.7326 456 453 23 23
droplet 0.706347 588 36 26 26
droplet 0.694936 622 124 17 30
droplet 0.676896 201 460 32 19
droplet 0.621059 623 284 16 29
droplet 0.587638 599 461 31 18
droplet 0.478377 0 268 18 31
droplet 0.451586 0 174 17 27
droplet 0.432554 176 0 28 17
droplet 0.370383 0 1 16 20
