droplet 0.991959 474 461 34 18
droplet 0.951876 0 353 30 37
droplet 0.950588 368 272 36 36
droplet 0.946635 243 409 36 36
droplet 0.943985 40 407 37 37
droplet 0.943925 522 436 33 33
droplet 0.943871 282 445 40 34
droplet 0.939786 70 85 35 35
droplet 0.939539 279 296 37 37
droplet 0.937847 246 375 36 36
droplet 0.936395 107 139 35 35
droplet 0.935895 419 295 37 37
droplet 0.935773 87 296 33 33
droplet 0.935026 619 328 20 37
droplet 0.934195 100 206 36 36
droplet 0.93345 290 335 36 36
droplet 0.932972 171 272 82 82
droplet 0.930716 217 31 34 34
droplet 0.930422 212 376 36 36
droplet 0.928923 455 280 37 37
droplet 0.928703 0 454 35 25
droplet 0.927756 323 330 36 36
droplet 0.927487 494 278 36 36
droplet 0.927477 412 230 36 36
droplet 0.927477 345 241 36 36
droplet 0.926996 247 249 36 36
droplet 0.926762 279 404 36 36
droplet 0.926197 0 57 30 36
droplet 0.925402 311 415 36 36
droplet 0.925283 607 260 32 36
droplet 0.925242 353 208 36 36
droplet 0.924156 412 366 28 28
droplet 0.922481 147 348 36 36
droplet 0.921527 249 443 36 36
droplet 0.920636 124 315 40 40
droplet 0.920227 598 384 33 33
droplet 0.919593 513 141 36 36
droplet 0.918973 440 449 36 30
droplet 0.918968 515 400 37 37
droplet 0.91827 356 334 37 37
droplet 0.916764 302 185 36 36
droplet 0.916758 257 343 33 33
droplet 0.916565 368 368 36 36
droplet 0.916205 426 72 36 36
droplet 0.915602 620 165 19 37
droplet 0.9151 379 234 36 36
droplet 0.913403 456 316 37 37
droplet 0.912567 281 262 36 36
droplet 0.911936 446 231 37 37
droplet 0.911882 374 402 37 37
droplet 0.910452 409 404 36 36
droplet 0.910161 484 208 37 37
droplet 0.90985 480 244 36 36
droplet 0.90976 319 447 40 32
droplet 0.908995 555 429 33 33
droplet 0.908887 424 106 36 36
droplet 0.908405 403 146 36 36
droplet 0.907821 157 68 34 34
droplet 0.90584 60 50 36 36
droplet 0.905736 75 413 36 36
droplet 0.90508 34 239 36 36
droplet 0.904658 537 174 36 36
droplet 0.904503 620 133 19 37
droplet 0.904353 578 451 36 28
droplet 0.903789 586 317 35 35
droplet 0.903706 173 214 36 36
droplet 0.903607 332 274 36 36
droplet 0.903386 38 78 33 33
droplet 0.902806 561 384 36 36
droplet 0.902643 279 156 36 36
droplet 0.901018 186 17 34 34
droplet 0.899671 445 133 36 36
droplet 0.899218 235 172 36 36
droplet 0.89892 0 189 29 36
droplet 0.898355 492 312 37 37
droplet 0.898224 456 419 33 33
droplet 0.896928 532 278 36 36
droplet 0.896859 141 200 37 37
droplet 0.896677 209 234 36 36
droplet 0.896377 292 218 36 36
droplet 0.895792 352 429 37 37
droplet 0.895538 408 437 36 36
droplet 0.895358 547 141 36 36
droplet 0.894571 91 329 36 36
droplet 0.894168 82 14 48 48
droplet 0.893832 584 414 37 37
droplet 0.89382 387 178 36 36
droplet 0.893019 401 329 36 36
droplet 0.892749 3 388 33 33
droplet 0.891901 505 105 37 37
droplet 0.891538 234 208 36 36
droplet 0.891538 572 285 36 36
droplet 0.891172 4 420 36 36
droplet 0.891111 215 438 36 36
droplet 0.891027 86 169 40 40
droplet 0.890691 591 350 36 36
droplet 0.889864 1 222 36 36
droplet 0.889832 175 379 37 37
droplet 0.888869 124 46 33 33
droplet 0.88883 620 407 19 37
droplet 0.888617 165 100 36 36
droplet 0.8864 495 358 36 36
droplet 0.886248 355 89 37 37
droplet 0.885911 472 162 36 36
droplet 0.884664 222 64 36 36
droplet 0.884044 270 122 36 36
droplet 0.883664 33 372 37 37
droplet 0.883475 132 433 36 36
droplet 0.882791 488 430 36 36
droplet 0.881587 64 446 36 33
droplet 0.881313 519 43 36 36
droplet 0.880825 459 99 36 36
droplet 0.880593 385 113 36 36
droplet 0.879826 424 38 36 36
droplet 0.879795 240 99 37 37
droplet 0.879738 64 356 36 36
droplet 0.879636 388 71 40 40
droplet 0.879128 611 446 28 33
droplet 0.878626 517 8 36 36
droplet 0.878526 342 391 36 36
droplet 0.878493 553 342 40 40
droplet 0.877699 606 25 33 36
droplet 0.877618 570 178 36 36
droplet 0.877382 280 369 36 36
droplet 0.877276 0 126 24 25
droplet 0.876026 503 174 36 36
droplet 0.875438 315 99 36 36
droplet 0.874896 56 280 36 36
droplet 0.87301 571 247 40 40
droplet 0.871391 28 339 36 36
droplet 0.871245 311 246 36 36
droplet 0.870876 256 69 33 33
droplet 0.870215 7 92 36 36
droplet 0.87016 539 95 40 40
droplet 0.869909 187 51 37 37
droplet 0.866427 514 249 36 36
droplet 0.866334 482 390 36 36
droplet 0.865256 202 194 36 36
droplet 0.864963 175 170 36 36
droplet 0.864172 56 319 37 37
droplet 0.864131 571 212 36 36
droplet 0.863486 520 204 36 36
droplet 0.863465 376 306 33 33
droplet 0.862209 135 117 36 36
droplet 0.862209 206 152 36 36
droplet 0.861185 55 182 36 36
droplet 0.860657 585 147 37 37
droplet 0.860566 39 15 36 36
droplet 0.860271 238 137 36 36
droplet 0.860207 320 66 36 36
droplet 0.859734 439 387 36 36
droplet 0.859597 546 309 36 36
droplet 0.859058 479 129 36 36
droplet 0.858964 273 2 36 36
droplet 0.858018 426 261 36 36
droplet 0.857958 455 191 36 36
droplet 0.857728 528 369 36 36
droplet 0.857005 483 6 36 36
droplet 0.856477 31 441 36 36
droplet 0.856289 340 122 37 37
droplet 0.855259 330 0 36 36
droplet 0.855133 618 293 21 26
droplet 0.854743 88 380 36 36
droplet 0.854682 303 132 33 33
droplet 0.854388 97 66 33 33
droplet 0.854234 98 439 36 36
droplet 0.853186 620 229 19 33
droplet 0.852989 258 33 37 37
droplet 0.852862 282 89 36 36
droplet 0.852778 326 155 36 36
droplet 0.852687 363 11 36 36
droplet 0.851358 313 381 33 33
droplet 0.850851 603 103 36 36
droplet 0.850228 369 145 36 36
droplet 0.850221 571 36 36 36
droplet 0.849522 30 205 36 36
droplet 0.84929 520 334 36 36
droplet 0.84888 179 131 36 36
droplet 0.848672 580 3 36 36
droplet 0.84776 416 196 36 36
droplet 0.846522 110 406 36 36
droplet 0.846406 210 117 36 36
droplet 0.846028 289 52 36 36
droplet 0.844494 159 0 33 30
droplet 0.844177 76 129 33 33
droplet 0.843799 113 356 36 36
droplet 0.843495 462 361 36 36
droplet 0.841021 267 189 33 33
droplet 0.839126 18 269 36 36
droplet 0.838298 18 131 36 36
droplet 0.837892 26 46 36 36
droplet 0.83772 13 0 36 29
droplet 0.837651 239 6 36 36
droplet 0.836338 334 35 33 33
droplet 0.836143 485 39 36 36
droplet 0.836111 612 0 23 23
droplet 0.83514 388 36 36 36
droplet 0.834957 547 60 37 37
droplet 0.834871 22 171 36 36
droplet 0.833383 0 319 36 36
droplet 0.832679 98 103 36 36
droplet 0.832155 124 170 36 36
droplet 0.832083 198 408 36 36
droplet 0.832015 432 165 36 36
droplet 0.831581 28 301 36 36
droplet 0.830861 457 57 36 36
droplet 0.829374 405 4 40 40
droplet 0.829312 601 195 36 36
droplet 0.827744 134 383 36 36
droplet 0.825884 1 24 36 36
droplet 0.824065 129 12 33 33
droplet 0.823243 432 344 36 36
droplet 0.82303 45 109 37 37
droplet 0.82234 360 56 33 33
droplet 0.822124 545 0 40 29
droplet 0.821662 127 84 33 33
droplet 0.821207 485 72 40 40
droplet 0.819222 597 58 36 36
droplet 0.818516 455 24 36 36
droplet 0.818246 49 149 36 36
droplet 0.813623 177 436 36 36
droplet 0.811914 575 83 36 36
droplet 0.811862 149 148 36 36
droplet 0.807748 571 117 36 36
droplet 0.805259 156 33 36 36
droplet 0.802344 0 153 26 40
droplet 0.799215 542 230 36 36
droplet 0.797707 0 251 21 37
droplet 0.796503 308 20 27 27
droplet 0.791031 206 0 40 27
droplet 0.788099 200 85 27 27
droplet 0.78731 257 318 24 24
droplet 0.786763 0 284 23 40
droplet 0.769439 353 179 29 29
droplet 0.764386 156 409 36 36
droplet 0.633453 356 461 31 18
droplet 0.619379 184 348 33 33
droplet 0.599023 221 344 33 33
droplet 0.564541 0 1 20 30
droplet 0.456975 382 0 32 20
droplet 0.451743 0 90 15 24
droplet 0.413308 110 0 33 23
droplet 0.376591 51 0 33 20
