droplet 0.990133 220 457 38 22
droplet 0.960432 375 459 39 20
droplet 0.959035 611 435 28 38
droplet 0.950819 464 306 36 36
droplet 0.945595 263 332 36 36
droplet 0.943547 183 219 36 36
droplet 0.939299 329 358 36 36
droplet 0.938903 225 295 36 36
droplet 0.938752 606 65 33 38
droplet 0.938205 611 9 28 38
droplet 0.937687 425 422 36 36
droplet 0.937396 513 185 36 36
droplet 0.937154 260 297 36 36
droplet 0.936662 93 453 38 26
droplet 0.936396 386 239 36 36
droplet 0.935403 222 130 36 36
droplet 0.935153 148 207 38 38
droplet 0.934765 319 86 36 36
droplet 0.934486 282 448 36 31
droplet 0.933041 372 327 39 39
droplet 0.932196 126 62 36 36
droplet 0.931612 449 449 36 30
droplet 0.931385 163 12 36 36
droplet 0.92887 218 230 36 36
droplet 0.92809 385 424 36 36
droplet 0.927428 410 79 33 33
droplet 0.926704 468 394 38 38
droplet 0.925585 350 430 36 36
droplet 0.924654 163 46 36 36
droplet 0.924518 320 120 36 36
droplet 0.924255 320 155 36 36
droplet 0.922095 199 39 36 36
droplet 0.921748 286 115 36 36
droplet 0.921516 419 110 36 36
droplet 0.921398 484 43 36 36
droplet 0.918136 617 203 22 38
droplet 0.917816 425 283 36 36
droplet 0.917072 490 277 38 38
droplet 0.916981 286 150 36 36
droplet 0.916873 296 343 36 36
droplet 0.916716 20 425 38 38
droplet 0.916542 7 463 31 16
droplet 0.916205 87 258 36 36
droplet 0.915139 548 190 36 36
droplet 0.914973 602 402 36 36
droplet 0.913848 228 329 36 36
droplet 0.913255 214 196 36 36
droplet 0.913163 126 399 36 36
droplet 0.912632 252 364 36 36
droplet 0.909943 579 0 36 34
droplet 0.907809 355 396 36 36
droplet 0.90658 113 234 36 36
droplet 0.906302 160 422 36 36
droplet 0.905973 541 224 34 34
droplet 0.904232 192 394 36 36
droplet 0.904173 419 246 38 38
droplet 0.904059 501 376 36 36
droplet 0.903806 543 414 36 36
droplet 0.903558 416 144 31 31
droplet 0.902124 256 131 36 36
droplet 0.90104 179 105 36 36
droplet 0.900741 39 0 38 28
droplet 0.900697 3 161 36 36
droplet 0.899887 193 327 34 34
droplet 0.898707 179 254 36 36
droplet 0.898593 606 333 33 36
droplet 0.898224 598 367 34 34
droplet 0.896971 319 392 36 36
droplet 0.896155 210 360 36 36
droplet 0.895969 606 236 33 38
droplet 0.895918 226 390 36 36
droplet 0.895889 250 97 36 36
droplet 0.895278 457 266 36 36
droplet 0.894642 55 98 36 36
droplet 0.894086 451 33 36 36
droplet 0.893818 118 332 36 36
droplet 0.893619 397 391 36 36
droplet 0.892391 213 264 34 34
droplet 0.891938 475 205 36 36
droplet 0.891851 504 312 36 36
droplet 0.890997 402 206 36 36
droplet 0.890666 33 129 38 38
droplet 0.890378 246 432 36 36
droplet 0.889926 350 190 36 36
droplet 0.889703 175 357 36 36
droplet 0.889653 79 387 36 36
droplet 0.889077 0 126 37 38
droplet 0.888812 478 429 34 34
droplet 0.888229 259 400 36 36
droplet 0.887584 230 67 36 36
droplet 0.887547 146 244 36 36
droplet 0.887068 0 432 22 39
droplet 0.886895 582 193 38 38
droplet 0.886872 161 312 36 36
droplet 0.886553 141 358 36 36
droplet 0.885788 144 118 38 38
droplet 0.885082 243 163 36 36
droplet 0.884811 460 0 36 35
droplet 0.884614 308 186 34 34
droplet 0.884483 316 436 36 36
droplet 0.884314 106 365 36 36
droplet 0.883554 126 176 36 36
droplet 0.883441 572 391 34 34
droplet 0.883325 98 291 34 34
droplet 0.883165 130 301 34 34
droplet 0.882058 488 343 36 36
droplet 0.881808 54 249 36 36
droplet 0.881673 77 224 34 34
droplet 0.881587 575 431 36 36
droplet 0.880566 538 379 36 36
droplet 0.879962 19 247 36 36
droplet 0.879676 538 318 36 36
droplet 0.879636 565 355 36 36
droplet 0.879589 539 156 36 36
droplet 0.879582 353 84 36 36
droplet 0.879574 581 101 36 36
droplet 0.879224 245 266 36 36
droplet 0.879085 62 428 38 38
droplet 0.879075 246 206 36 36
droplet 0.879075 86 81 36 36
droplet 0.878454 440 197 38 38
droplet 0.877618 96 418 36 36
droplet 0.877395 572 322 36 36
droplet 0.87713 573 160 36 36
droplet 0.876612 180 184 36 36
droplet 0.875777 561 289 36 36
droplet 0.875675 617 103 22 39
droplet 0.875072 2 1 38 38
droplet 0.87478 66 294 34 34
droplet 0.874735 574 227 36 36
droplet 0.874607 290 413 36 36
droplet 0.874385 337 56 34 34
droplet 0.874366 383 176 36 36
droplet 0.873934 355 154 36 36
droplet 0.873432 30 24 44 44
droplet 0.873227 325 274 36 36
droplet 0.873227 477 171 36 36
droplet 0.872741 393 15 38 38
droplet 0.872168 572 67 36 36
droplet 0.871982 353 119 36 36
droplet 0.871639 409 314 36 36
droplet 0.870928 188 288 36 36
droplet 0.870481 118 95 36 36
droplet 0.870212 233 31 38 38
droplet 0.87015 4 62 36 36
droplet 0.870132 189 72 36 36
droplet 0.870103 569 31 38 38
droplet 0.869152 155 80 36 36
droplet 0.869085 70 14 36 36
droplet 0.86854 544 8 36 36
droplet 0.868006 505 410 38 38
droplet 0.867735 127 436 36 36
droplet 0.867729 429 9 34 34
droplet 0.867152 184 139 36 36
droplet 0.866762 372 365 36 36
droplet 0.866668 319 23 36 36
droplet 0.865922 101 200 36 36
droplet 0.865902 0 196 24 24
droplet 0.865666 294 296 38 38
droplet 0.865422 88 115 36 36
droplet 0.864673 451 231 36 36
droplet 0.864016 42 167 36 36
droplet 0.863945 43 216 36 36
droplet 0.863335 384 101 36 36
droplet 0.861936 209 162 36 36
droplet 0.861815 85 322 36 36
droplet 0.860758 325 214 38 38
droplet 0.859453 383 135 36 36
droplet 0.859341 284 24 36 36
droplet 0.858792 158 388 36 36
droplet 0.857665 156 159 36 36
droplet 0.857458 20 98 36 36
droplet 0.856993 597 134 36 36
droplet 0.856761 286 377 36 36
droplet 0.856702 406 354 36 36
droplet 0.856241 517 34 36 36
droplet 0.856234 283 0 38 23
droplet 0.855234 416 175 36 36
droplet 0.855 516 251 36 36
droplet 0.854101 212 422 36 36
droplet 0.85389 271 181 38 38
droplet 0.85363 453 106 38 38
droplet 0.853483 348 300 36 36
droplet 0.853158 598 300 36 36
droplet 0.852309 153 459 39 20
droplet 0.852266 522 347 36 36
droplet 0.851653 0 320 26 26
droplet 0.851489 429 380 36 36
droplet 0.850916 113 138 38 38
droplet 0.850806 0 221 35 36
droplet 0.849582 154 278 36 36
droplet 0.848724 302 54 36 36
droplet 0.847077 20 342 38 38
droplet 0.846981 0 91 22 39
droplet 0.846317 552 255 36 36
droplet 0.846258 388 53 36 36
droplet 0.846028 212 97 36 36
droplet 0.845959 263 54 36 36
droplet 0.845543 122 267 36 36
droplet 0.845021 436 335 36 36
droplet 0.844047 522 442 36 36
droplet 0.843786 99 31 36 36
droplet 0.843759 558 127 36 36
droplet 0.843649 491 9 36 36
droplet 0.843435 8 377 36 36
droplet 0.843149 19 309 36 36
droplet 0.842255 282 82 36 36
droplet 0.84134 458 361 36 36
droplet 0.840983 0 281 36 36
droplet 0.840755 35 278 36 36
droplet 0.840448 542 57 34 34
droplet 0.840397 197 4 29 29
droplet 0.839273 506 218 36 36
droplet 0.839168 526 283 38 38
droplet 0.838949 67 190 36 36
droplet 0.838297 288 215 36 36
droplet 0.838036 280 265 36 36
droplet 0.837665 514 78 38 38
droplet 0.836587 361 32 36 36
droplet 0.83514 548 92 36 36
droplet 0.835099 127 11 38 38
droplet 0.833964 262 237 36 36
droplet 0.833928 445 153 38 38
droplet 0.833583 187 444 36 35
droplet 0.833056 619 276 20 32
droplet 0.832684 523 120 38 38
droplet 0.830092 0 349 22 38
droplet 0.829652 68 49 38 38
droplet 0.829372 19 192 36 36
droplet 0.828348 307 245 36 36
droplet 0.828059 439 65 38 38
droplet 0.827388 0 399 21 36
droplet 0.824774 493 105 36 36
droplet 0.82105 472 76 38 38
droplet 0.820802 36 67 38 38
droplet 0.820504 585 265 38 38
droplet 0.816722 67 141 38 38
droplet 0.81574 93 166 36 36
droplet 0.815146 253 3 38 38
droplet 0.814155 344 0 38 37
droplet 0.812331 483 244 36 36
droplet 0.808982 223 0 38 22
droplet 0.807612 420 41 34 34
droplet 0.80583 322 321 34 34
droplet 0.804829 53 359 24 24
droplet 0.803775 475 134 36 36
droplet 0.801432 504 149 38 38
droplet 0.79397 48 324 38 38
droplet 0.760905 516 0 38 23
droplet 0.721083 37 453 37 26
droplet 0.69746 494 461 32 18
droplet 0.638045 553 456 37 23
droplet 0.621088 149 0 34 22
droplet 0.524306 115 0 33 20
droplet 0.511473 0 38 20 32
droplet 0.491586 590 461 32 18
droplet 0.447001 79 0 32 19
droplet 0.364798 320 0 30 19
