droplet 1 214 462 34 17
droplet 0.977499 621 245 18 35
droplet 0.970263 77 101 35 35
droplet 0.970226 488 150 36 36
droplet 0.968766 419 449 35 30
droplet 0.96765 524 81 35 35
droplet 0.967605 232 246 35 35
droplet 0.964412 267 73 35 35
droplet 0.960871 226 4 35 35
droplet 0.960145 276 312 35 35
droplet 0.957744 42 104 35 35
droplet 0.957429 246 450 34 29
droplet 0.95689 236 177 37 37
droplet 0.954811 180 449 35 30
droplet 0.954547 110 284 37 37
droplet 0.954432 138 255 35 35
droplet 0.95261 275 107 35 35
droplet 0.952421 491 368 35 35
droplet 0.951553 347 339 35 35
droplet 0.949432 307 332 37 37
droplet 0.948566 72 136 35 35
droplet 0.948087 331 55 37 37
droplet 0.947433 179 126 35 35
droplet 0.947132 271 174 35 35
droplet 0.946677 44 361 35 35
droplet 0.94462 260 3 35 35
droplet 0.94462 164 227 35 35
droplet 0.944456 300 14 35 35
droplet 0.94434 39 70 35 35
droplet 0.94328 422 316 35 35
droplet 0.94255 253 211 35 35
droplet 0.94116 564 148 35 35
droplet 0.941038 457 216 35 35
droplet 0.940465 241 105 35 35
droplet 0.940461 103 250 35 35
droplet 0.940088 147 288 35 35
droplet 0.939922 168 161 37 37
droplet 0.939906 396 1 35 35
droplet 0.93968 572 307 35 35
droplet 0.939511 262 38 35 35
droplet 0.9393 107 131 35 35
droplet 0.938248 194 0 35 29
droplet 0.937443 296 48 35 35
droplet 0.937151 2 163 37 37
droplet 0.936699 241 414 35 35
droplet 0.935403 111 96 35 35
droplet 0.934467 142 116 37 37
droplet 0.934299 92 166 35 35
droplet 0.933975 325 262 35 35
droplet 0.932223 553 416 37 37
droplet 0.929835 248 143 35 35
droplet 0.929835 201 389 35 35
droplet 0.929407 75 341 35 35
droplet 0.929059 199 60 35 35
droplet 0.92885 153 195 35 35
droplet 0.928741 206 94 35 35
droplet 0.927633 77 272 34 34
droplet 0.927616 328 382 35 35
droplet 0.927361 304 407 35 35
droplet 0.927301 487 88 35 35
droplet 0.926681 540 384 35 35
droplet 0.926224 556 182 35 35
droplet 0.925293 270 390 35 35
droplet 0.924255 477 17 35 35
droplet 0.924183 173 262 34 34
droplet 0.924119 75 415 35 35
droplet 0.923688 207 426 37 37
droplet 0.921886 534 314 35 35
droplet 0.921748 320 202 35 35
droplet 0.920899 396 217 35 35
droplet 0.920577 495 215 35 35
droplet 0.920493 300 82 35 35
droplet 0.919581 371 445 35 34
droplet 0.9186 335 19 37 37
droplet 0.91856 396 421 35 35
droplet 0.91856 146 443 35 35
droplet 0.918456 365 404 35 35
droplet 0.918412 378 286 35 35
droplet 0.918237 205 161 35 35
droplet 0.917989 514 177 35 35
droplet 0.917717 247 281 40 40
droplet 0.917326 43 327 35 35
droplet 0.917248 486 53 37 37
droplet 0.916507 282 141 35 35
droplet 0.916461 371 243 35 35
droplet 0.916023 267 242 35 35
droplet 0.914477 391 96 35 35
droplet 0.914316 442 268 35 35
droplet 0.914181 131 222 34 34
droplet 0.913848 105 395 35 35
droplet 0.913596 312 297 35 35
droplet 0.913007 370 32 34 34
droplet 0.912827 266 351 35 35
droplet 0.912535 614 121 25 37
droplet 0.91247 188 27 35 35
droplet 0.912224 441 344 37 37
droplet 0.912152 40 292 35 35
droplet 0.912137 402 260 35 35
droplet 0.911389 19 33 35 35
droplet 0.911219 9 243 35 35
droplet 0.911219 193 327 35 35
droplet 0.911055 578 116 35 35
droplet 0.911041 42 257 35 35
droplet 0.910559 45 432 34 34
droplet 0.910449 367 369 35 35
droplet 0.90964 232 72 35 35
droplet 0.909591 305 168 35 35
droplet 0.909551 599 154 35 35
droplet 0.908805 170 410 40 40
droplet 0.908705 198 237 35 35
droplet 0.907809 424 197 35 35
droplet 0.906911 73 305 35 35
droplet 0.906911 6 278 35 35
droplet 0.906302 388 181 35 35
droplet 0.905701 142 377 34 34
droplet 0.905134 108 430 35 35
droplet 0.905037 621 213 18 35
droplet 0.904905 482 184 34 34
droplet 0.904829 237 379 35 35
droplet 0.9047 39 139 34 34
droplet 0.904657 172 92 35 35
droplet 0.90459 336 139 35 35
droplet 0.904081 53 169 35 35
droplet 0.903606 182 295 34 34
droplet 0.903215 589 419 35 35
droplet 0.902982 239 330 35 35
droplet 0.902889 393 62 35 35
droplet 0.902557 603 89 35 35
droplet 0.90238 273 428 37 37
droplet 0.902358 39 4 35 35
droplet 0.902274 136 409 35 35
droplet 0.901727 132 156 35 35
droplet 0.901588 9 405 37 37
droplet 0.901501 341 173 37 37
droplet 0.901299 287 272 35 35
droplet 0.900465 592 194 35 35
droplet 0.900225 44 396 37 37
droplet 0.900061 425 106 35 35
droplet 0.899978 528 145 37 37
droplet 0.899789 5 65 35 35
droplet 0.899766 336 421 35 35
droplet 0.898629 475 331 37 37
droplet 0.898076 4 0 35 35
droplet 0.897728 335 458 40 21
droplet 0.897364 8 124 35 35
droplet 0.895933 53 37 35 35
droplet 0.895377 449 172 35 35
droplet 0.89527 12 445 35 34
droplet 0.894909 605 277 34 35
droplet 0.894867 411 33 35 35
droplet 0.894811 170 357 37 37
droplet 0.893257 521 349 40 40
droplet 0.893096 443 137 35 35
droplet 0.8928 571 274 35 35
droplet 0.892785 74 3 35 35
droplet 0.892281 586 243 35 35
droplet 0.892099 206 270 35 35
droplet 0.892053 507 115 37 37
droplet 0.89144 286 205 34 34
droplet 0.891244 304 234 34 34
droplet 0.890211 213 357 34 34
droplet 0.889937 104 319 37 37
droplet 0.889675 88 35 35 35
droplet 0.889665 214 127 37 37
droplet 0.889589 398 130 35 35
droplet 0.889348 603 352 34 34
droplet 0.888814 519 39 35 35
droplet 0.888681 361 114 35 35
droplet 0.888617 339 230 35 35
droplet 0.888034 308 442 34 34
droplet 0.886895 369 149 37 37
droplet 0.8864 453 46 35 35
droplet 0.886326 416 160 35 35
droplet 0.88593 74 67 35 35
droplet 0.885701 110 61 35 35
droplet 0.885627 11 314 35 35
droplet 0.885608 0 95 27 35
droplet 0.885557 537 9 35 35
droplet 0.885319 544 110 35 35
droplet 0.885146 553 247 34 34
droplet 0.885082 605 318 34 35
droplet 0.884847 218 209 35 35
droplet 0.883925 133 343 35 35
droplet 0.883525 362 77 35 35
droplet 0.882892 95 213 37 37
droplet 0.882887 475 248 34 34
droplet 0.882604 37 225 34 34
droplet 0.882462 158 320 35 35
droplet 0.882311 27 192 35 35
droplet 0.882306 615 445 24 34
droplet 0.880346 427 66 35 35
droplet 0.880106 519 241 35 35
droplet 0.879074 472 119 35 35
droplet 0.878827 468 289 35 35
droplet 0.878699 441 15 34 34
droplet 0.878159 453 87 35 35
droplet 0.877343 358 0 37 29
droplet 0.876356 558 339 35 35
droplet 0.875546 188 192 35 35
droplet 0.875438 218 303 35 35
droplet 0.875157 573 370 35 35
droplet 0.875131 164 53 35 35
droplet 0.873852 427 235 35 35
droplet 0.873148 111 9 35 35
droplet 0.872041 347 298 34 34
droplet 0.87204 308 118 35 35
droplet 0.870514 105 362 34 34
droplet 0.869687 11 370 35 35
droplet 0.868665 70 238 34 34
droplet 0.868656 362 204 35 35
droplet 0.868351 120 189 34 34
droplet 0.867859 565 216 35 35
droplet 0.867827 228 39 34 34
droplet 0.866921 593 0 37 21
droplet 0.8662 554 41 35 35
droplet 0.865432 586 55 35 35
droplet 0.864857 577 15 35 35
droplet 0.860817 504 0 37 32
droplet 0.859967 566 84 35 35
droplet 0.858964 603 386 35 35
droplet 0.855609 498 270 35 35
droplet 0.855601 530 207 37 37
droplet 0.854505 134 36 35 35
droplet 0.85421 75 378 34 34
droplet 0.853139 70 456 45 23
droplet 0.850926 332 94 35 35
droplet 0.849508 141 78 35 35
droplet 0.835422 5 202 24 24
droplet 0.829838 154 6 40 40
droplet 0.827549 298 368 34 34
droplet 0.819196 63 203 35 35
droplet 0.804221 0 340 26 40
droplet 0.758412 536 278 30 30
droplet 0.747082 507 319 24 24
droplet 0.731658 43 461 29 18
droplet 0.610928 622 414 17 29
droplet 0.580007 0 304 23 32
droplet 0.574657 120 459 33 20
droplet 0.571083 135 0 32 22
droplet 0.56114 0 429 20 33
droplet 0.541799 0 39 23 33
droplet 0.540385 0 388 19 30
droplet 0.502436 427 0 34 23
droplet 0.495113 327 0 33 21
droplet 0.488208 102 0 28 17
droplet 0.449478 554 0 31 19
droplet 0.439414 473 0 34 22
droplet 0.406449 0 235 17 29
droplet 0.400608 0 137 17 25
droplet 0.396371 0 274 15 22
