droplet 0.98492 341 296 35 35
droplet 0.979014 193 220 35 35
droplet 0.97517 578 450 37 29
droplet 0.964259 401 455 40 24
droplet 0.963155 72 26 35 35
droplet 0.962533 194 255 35 35
droplet 0.960515 545 449 35 30
droplet 0.959459 277 5 35 35
droplet 0.955462 615 293 24 40
droplet 0.95532 384 68 35 35
droplet 0.955283 307 333 37 37
droplet 0.95226 382 163 35 35
droplet 0.951165 97 206 35 35
droplet 0.951083 95 0 40 33
droplet 0.951075 75 60 35 35
droplet 0.950727 241 73 35 35
droplet 0.95015 309 261 37 37
droplet 0.949918 125 236 35 35
droplet 0.949909 28 376 35 35
droplet 0.949817 439 260 35 35
droplet 0.948752 0 262 29 35
droplet 0.948495 508 445 37 34
droplet 0.948388 86 92 35 35
droplet 0.948226 430 294 35 35
droplet 0.94789 321 227 35 35
droplet 0.94789 266 38 35 35
droplet 0.947263 346 260 37 37
droplet 0.946667 86 129 37 37
droplet 0.945793 393 389 35 35
droplet 0.943713 38 29 35 35
droplet 0.943548 235 255 35 35
droplet 0.943538 89 240 35 35
droplet 0.942173 259 378 35 35
droplet 0.94069 302 50 35 35
droplet 0.940687 288 411 35 35
droplet 0.940051 463 291 35 35
droplet 0.939299 335 39 35 35
droplet 0.939299 390 129 35 35
droplet 0.938831 348 330 35 35
droplet 0.937522 479 36 35 35
droplet 0.935742 285 228 35 35
droplet 0.935336 188 121 35 35
droplet 0.934994 59 405 35 35
droplet 0.934837 274 260 35 35
droplet 0.934677 129 404 37 37
droplet 0.933773 119 316 35 35
droplet 0.933741 13 88 35 35
droplet 0.933272 369 34 35 35
droplet 0.933156 38 63 35 35
droplet 0.932617 206 289 35 35
droplet 0.932341 301 297 35 35
droplet 0.931641 118 110 35 35
droplet 0.931287 293 194 35 35
droplet 0.93048 124 271 35 35
droplet 0.929928 404 34 37 37
droplet 0.929031 355 131 35 35
droplet 0.92885 595 416 35 35
droplet 0.928448 437 460 37 19
droplet 0.928287 219 103 35 35
droplet 0.928136 133 11 35 35
droplet 0.926997 242 158 35 35
droplet 0.926435 275 347 35 35
droplet 0.926374 92 429 35 35
droplet 0.926355 235 5 37 37
droplet 0.925083 208 150 35 35
droplet 0.924982 128 144 35 35
droplet 0.924497 335 196 34 34
droplet 0.924118 526 220 35 35
droplet 0.924036 232 222 34 34
droplet 0.923853 145 339 35 35
droplet 0.923411 91 275 34 34
droplet 0.922924 323 397 35 35
droplet 0.922184 160 438 35 35
droplet 0.922028 523 254 35 35
droplet 0.921862 182 87 35 35
droplet 0.921792 559 415 37 37
droplet 0.921636 200 58 35 35
droplet 0.921363 270 314 35 35
droplet 0.921173 227 190 34 34
droplet 0.920918 0 51 35 35
droplet 0.92046 608 122 31 35
droplet 0.920111 194 432 35 35
droplet 0.92011 112 174 35 35
droplet 0.919408 460 326 35 35
droplet 0.91856 349 72 35 35
droplet 0.917959 69 370 37 37
droplet 0.91755 498 376 35 35
droplet 0.917454 325 99 35 35
droplet 0.917273 412 420 35 35
droplet 0.916981 370 357 35 35
droplet 0.916224 92 341 35 35
droplet 0.916201 446 172 35 35
droplet 0.912931 474 70 37 37
droplet 0.912749 586 252 35 35
droplet 0.912567 334 363 35 35
droplet 0.911859 294 377 35 35
droplet 0.911157 427 330 34 34
droplet 0.911116 438 224 37 37
droplet 0.910363 144 85 37 37
droplet 0.910245 85 307 35 35
droplet 0.909634 573 126 35 35
droplet 0.909431 293 112 35 35
droplet 0.909073 183 0 37 32
droplet 0.908805 347 165 35 35
droplet 0.908805 106 32 35 35
droplet 0.908563 254 412 34 34
droplet 0.907924 195 182 34 34
droplet 0.907736 509 66 37 37
droplet 0.907376 261 204 34 34
droplet 0.90658 559 213 35 35
droplet 0.906311 155 123 34 34
droplet 0.90603 33 227 35 35
droplet 0.90603 1 295 35 35
droplet 0.905483 27 270 35 35
droplet 0.905255 58 332 35 35
droplet 0.905054 173 152 35 35
droplet 0.904772 395 2 35 35
droplet 0.904059 126 440 35 35
droplet 0.904057 148 296 37 37
droplet 0.904006 543 181 35 35
droplet 0.903504 523 411 37 37
droplet 0.903386 55 104 34 34
droplet 0.902632 509 189 35 35
droplet 0.902422 311 7 35 35
droplet 0.902358 489 413 35 35
droplet 0.902126 347 6 35 35
droplet 0.901541 416 191 34 34
droplet 0.901381 490 342 35 35
droplet 0.901299 218 406 35 35
droplet 0.901281 381 196 35 35
droplet 0.90126 162 185 34 34
droplet 0.900698 416 155 35 35
droplet 0.900524 0 228 35 35
droplet 0.900052 15 409 35 35
droplet 0.899957 294 161 35 35
droplet 0.899372 495 307 37 37
droplet 0.89916 580 325 34 34
droplet 0.89916 378 303 34 34
droplet 0.898155 527 289 37 37
droplet 0.896585 158 226 35 35
droplet 0.895701 322 141 35 35
droplet 0.895686 595 154 37 37
droplet 0.895543 479 168 37 37
droplet 0.895489 618 261 21 34
droplet 0.894907 252 107 35 35
droplet 0.894772 204 25 35 35
droplet 0.894642 594 219 35 35
droplet 0.893398 224 366 37 37
droplet 0.893258 53 139 35 35
droplet 0.89303 423 69 35 35
droplet 0.892642 465 387 35 35
droplet 0.892099 24 120 35 35
droplet 0.891775 580 290 35 35
droplet 0.891621 167 405 35 35
droplet 0.891588 96 395 35 35
droplet 0.891374 335 429 35 35
droplet 0.890359 149 373 37 37
droplet 0.890129 481 139 30 30
droplet 0.889703 358 390 35 35
droplet 0.889333 276 78 37 37
droplet 0.889145 440 38 37 37
droplet 0.88877 78 165 35 35
droplet 0.887865 269 441 35 35
droplet 0.885843 60 203 37 37
droplet 0.885068 529 0 37 35
droplet 0.884946 404 223 35 35
droplet 0.884562 181 313 34 34
droplet 0.884483 524 352 35 35
droplet 0.883633 133 52 35 35
droplet 0.882453 234 439 35 35
droplet 0.882385 580 186 35 35
droplet 0.882178 394 332 34 34
droplet 0.88217 405 97 35 35
droplet 0.881368 575 384 35 35
droplet 0.881321 559 352 35 35
droplet 0.881142 164 26 37 37
droplet 0.880927 158 261 34 34
droplet 0.880669 26 343 34 34
droplet 0.880474 512 155 35 35
droplet 0.880381 305 444 34 34
droplet 0.880154 56 252 35 35
droplet 0.879889 193 382 35 35
droplet 0.879774 206 334 37 37
droplet 0.879611 531 99 35 35
droplet 0.87934 446 358 35 35
droplet 0.879074 447 418 35 35
droplet 0.878631 602 27 35 35
droplet 0.877885 412 360 34 34
droplet 0.877765 361 451 35 28
droplet 0.877337 491 0 40 37
droplet 0.876266 236 316 34 34
droplet 0.876137 594 355 35 35
droplet 0.875283 580 0 37 29
droplet 0.875006 540 133 35 35
droplet 0.874627 2 15 37 37
droplet 0.873692 371 101 34 34
droplet 0.873229 132 203 35 35
droplet 0.872883 542 324 34 34
droplet 0.871906 33 310 34 34
droplet 0.870691 269 137 35 35
droplet 0.870553 0 436 31 31
droplet 0.869206 438 0 26 26
droplet 0.868955 493 272 35 35
droplet 0.868816 479 106 34 34
droplet 0.86782 57 286 35 35
droplet 0.866945 555 266 35 35
droplet 0.866496 448 93 35 35
droplet 0.864929 540 382 35 35
droplet 0.864691 605 63 34 40
droplet 0.864517 493 222 34 34
droplet 0.86447 459 9 35 35
droplet 0.862667 398 275 37 37
droplet 0.862043 615 447 24 32
droplet 0.861708 251 286 34 34
droplet 0.860635 430 389 34 34
droplet 0.859443 618 187 21 41
droplet 0.859327 558 18 35 35
droplet 0.858207 513 28 35 35
droplet 0.857362 177 353 34 34
droplet 0.85721 465 201 35 35
droplet 0.856465 20 195 35 35
droplet 0.856043 46 175 34 34
droplet 0.854371 588 95 35 35
droplet 0.853745 469 443 40 36
droplet 0.851319 21 154 34 34
droplet 0.850868 30 0 26 25
droplet 0.850552 558 78 35 35
droplet 0.849744 0 136 26 26
droplet 0.848813 0 358 32 40
droplet 0.847102 470 246 35 35
droplet 0.845863 380 247 35 35
droplet 0.839229 69 459 40 20
droplet 0.836905 40 435 37 37
droplet 0.834937 540 48 35 35
droplet 0.833634 56 0 40 26
droplet 0.832684 576 48 35 35
droplet 0.830658 358 222 34 34
droplet 0.829729 117 368 34 34
droplet 0.825776 2 178 29 29
droplet 0.811778 507 122 35 35
droplet 0.800177 619 384 20 40
droplet 0.799705 616 331 23 34
droplet 0.795258 614 0 25 33
droplet 0.793103 236 42 32 32
droplet 0.792555 565 158 32 32
droplet 0.762593 432 132 28 28
droplet 0.708118 109 463 29 16
droplet 0.706748 384 430 26 26
droplet 0.641405 0 0 27 26
droplet 0.573031 333 460 32 19
droplet 0.525272 372 0 30 19
droplet 0.509139 0 82 18 31
droplet 0.486346 331 0 28 17
droplet 0.407456 0 326 24 34
droplet 0.402832 627 424 12 20
droplet 0.392581 0 395 18 31
droplet 0.389802 138 0 29 17
