droplet 0.997528 609 448 30 31
droplet 0.990744 610 411 29 36
droplet 0.986948 440 460 37 19
droplet 0.968957 615 64 24 33
droplet 0.966466 305 450 37 29
droplet 0.96283 324 144 36 36
droplet 0.96036 78 449 37 30
droplet 0.957101 357 56 36 36
droplet 0.953773 372 16 36 36
droplet 0.95185 313 50 37 37
droplet 0.951636 608 29 31 36
droplet 0.951339 17 83 37 37
droplet 0.951075 5 354 36 36
droplet 0.947744 445 74 36 36
droplet 0.945906 44 450 36 29
droplet 0.945174 206 141 36 36
droplet 0.942975 333 110 36 36
droplet 0.941942 39 212 36 36
droplet 0.941293 107 363 36 36
droplet 0.940534 418 103 36 36
droplet 0.940052 124 128 36 36
droplet 0.939775 614 97 25 36
droplet 0.938796 165 43 36 36
droplet 0.937706 98 154 37 37
droplet 0.936917 24 50 36 36
droplet 0.936847 465 9 37 37
droplet 0.93658 212 253 34 34
droplet 0.936085 145 91 36 36
droplet 0.935644 596 0 37 28
droplet 0.935297 333 17 36 36
droplet 0.934792 410 0 42 35
droplet 0.934569 187 280 36 36
droplet 0.934042 461 119 36 36
droplet 0.933606 137 335 34 34
droplet 0.933031 48 245 36 36
droplet 0.932943 39 320 36 36
droplet 0.932789 166 121 36 36
droplet 0.932161 208 420 37 37
droplet 0.931914 406 32 36 36
droplet 0.931594 40 354 36 36
droplet 0.931262 74 213 37 37
droplet 0.930801 394 64 36 36
droplet 0.930762 278 168 36 36
droplet 0.930753 65 3 36 36
droplet 0.929278 273 233 36 36
droplet 0.929185 103 190 36 36
droplet 0.928855 114 224 34 34
droplet 0.928673 284 266 34 34
droplet 0.927616 304 380 36 36
droplet 0.926365 56 37 40 40
droplet 0.925862 407 354 36 36
droplet 0.925152 65 180 36 36
droplet 0.925121 364 331 36 36
droplet 0.924984 473 153 36 36
droplet 0.924257 310 241 36 36
droplet 0.923566 4 319 36 36
droplet 0.923078 334 352 37 37
droplet 0.921063 268 328 36 36
droplet 0.921023 104 14 36 36
droplet 0.920955 4 16 37 37
droplet 0.919571 250 265 34 34
droplet 0.918758 314 178 34 34
droplet 0.918705 260 198 36 36
droplet 0.918523 236 165 36 36
droplet 0.918165 295 206 34 34
droplet 0.918153 164 310 36 36
droplet 0.917759 300 93 36 36
droplet 0.917605 65 145 36 36
droplet 0.917596 475 242 34 34
droplet 0.916662 61 416 36 36
droplet 0.916353 440 40 36 36
droplet 0.91615 354 290 34 34
droplet 0.915904 208 346 36 36
droplet 0.915586 77 343 34 34
droplet 0.915512 82 108 40 40
droplet 0.915027 100 76 37 37
droplet 0.914649 289 134 36 36
droplet 0.914266 405 137 36 36
droplet 0.913214 148 435 34 34
droplet 0.913163 550 5 36 36
droplet 0.912777 225 383 34 34
droplet 0.91247 302 342 36 36
droplet 0.911958 449 276 36 36
droplet 0.911485 517 19 37 37
droplet 0.911099 241 131 36 36
droplet 0.911051 517 214 36 36
droplet 0.910186 242 354 34 34
droplet 0.910048 329 208 36 36
droplet 0.909855 232 318 37 37
droplet 0.909194 149 0 27 25
droplet 0.908992 397 321 36 36
droplet 0.908966 378 257 34 34
droplet 0.908781 40 389 34 34
droplet 0.908717 245 426 36 36
droplet 0.908099 180 89 36 36
droplet 0.907551 72 308 36 36
droplet 0.907297 185 15 36 36
droplet 0.90618 297 307 36 36
droplet 0.906104 141 369 36 36
droplet 0.905911 330 314 36 36
droplet 0.905908 131 403 36 36
droplet 0.90584 222 0 36 36
droplet 0.905253 36 285 36 36
droplet 0.904956 3 156 36 36
droplet 0.904772 583 225 36 36
droplet 0.904056 315 276 36 36
droplet 0.903793 120 46 36 36
droplet 0.902759 207 67 36 36
droplet 0.902692 5 389 34 34
droplet 0.902575 225 198 36 36
droplet 0.902278 266 295 34 34
droplet 0.901731 146 229 36 36
droplet 0.90111 510 149 36 36
droplet 0.900524 238 231 36 36
droplet 0.899768 275 30 37 37
droplet 0.899218 447 425 36 36
droplet 0.898869 573 38 36 36
droplet 0.898818 49 116 36 36
droplet 0.898664 387 289 36 36
droplet 0.898513 212 107 36 36
droplet 0.898356 0 419 28 37
droplet 0.898222 256 0 34 34
droplet 0.898158 29 179 36 36
droplet 0.897434 369 366 40 40
droplet 0.89711 337 388 34 34
droplet 0.897051 366 124 34 34
droplet 0.896964 198 312 36 36
droplet 0.896895 272 448 34 31
droplet 0.896311 375 156 36 36
droplet 0.895524 608 253 31 36
droplet 0.895422 0 191 32 36
droplet 0.894505 14 122 37 37
droplet 0.894227 586 379 36 36
droplet 0.893819 301 4 36 36
droplet 0.893394 111 432 37 37
droplet 0.892782 412 424 36 36
droplet 0.891774 284 412 40 40
droplet 0.891324 528 120 36 36
droplet 0.891011 440 324 37 37
droplet 0.890477 437 150 36 36
droplet 0.890294 168 406 36 36
droplet 0.890211 274 364 34 34
droplet 0.889926 192 174 36 36
droplet 0.889443 605 194 34 36
droplet 0.889185 512 0 25 23
droplet 0.889117 121 258 36 36
droplet 0.888814 181 444 36 35
droplet 0.888774 151 271 37 37
droplet 0.888678 28 420 34 34
droplet 0.888626 160 155 36 36
droplet 0.887888 190 379 36 36
droplet 0.887622 72 376 36 36
droplet 0.887509 541 240 37 37
droplet 0.887448 385 96 36 36
droplet 0.887358 132 301 34 34
droplet 0.887335 137 181 36 36
droplet 0.886726 581 82 36 36
droplet 0.886535 395 225 36 36
droplet 0.886205 607 350 32 36
droplet 0.885316 524 356 37 37
droplet 0.885287 221 285 36 36
droplet 0.88307 215 33 36 36
droplet 0.88307 267 106 36 36
droplet 0.882831 100 286 36 36
droplet 0.882679 477 445 36 34
droplet 0.882652 497 182 36 36
droplet 0.882323 483 413 34 34
droplet 0.882044 94 403 34 34
droplet 0.881308 405 172 37 37
droplet 0.880983 450 183 36 36
droplet 0.88008 513 441 36 36
droplet 0.877363 506 302 34 34
droplet 0.876853 323 419 36 36
droplet 0.876839 420 386 36 36
droplet 0.876605 195 0 30 18
droplet 0.876454 475 208 36 36
droplet 0.876295 520 84 37 37
droplet 0.874649 244 50 36 36
droplet 0.87413 276 67 36 36
droplet 0.873857 348 177 36 36
droplet 0.873649 15 255 36 36
droplet 0.873648 442 360 36 36
droplet 0.873229 479 76 36 36
droplet 0.872533 601 157 37 37
droplet 0.87075 88 248 36 36
droplet 0.870481 494 107 36 36
droplet 0.870155 166 200 36 36
droplet 0.87 257 393 36 36
droplet 0.869701 104 322 36 36
droplet 0.869681 238 85 36 36
droplet 0.869471 2 287 34 34
droplet 0.868398 455 391 36 36
droplet 0.868398 343 254 36 36
droplet 0.867908 178 245 36 36
droplet 0.867667 591 123 36 36
droplet 0.867645 597 286 36 36
droplet 0.86751 360 224 36 36
droplet 0.86743 550 205 36 36
droplet 0.866321 244 460 30 19
droplet 0.866155 471 306 36 36
droplet 0.865844 69 275 34 34
droplet 0.864808 422 297 34 34
droplet 0.863547 196 217 36 36
droplet 0.863502 551 146 40 40
droplet 0.861072 380 441 36 36
droplet 0.860693 411 263 36 36
droplet 0.858953 435 236 42 42
droplet 0.857552 527 275 36 36
droplet 0.85721 484 274 36 36
droplet 0.856373 503 51 36 36
droplet 0.85588 573 411 36 36
droplet 0.854914 476 363 36 36
droplet 0.854528 423 205 36 36
droplet 0.854153 536 317 37 37
droplet 0.853871 549 436 34 34
droplet 0.85155 573 259 36 36
droplet 0.851087 560 109 36 36
droplet 0.85075 345 446 36 33
droplet 0.850606 559 344 40 40
droplet 0.849961 358 414 36 36
droplet 0.849639 0 107 28 28
droplet 0.848176 378 195 36 36
droplet 0.847984 532 178 34 34
droplet 0.847452 550 64 36 36
droplet 0.846315 507 247 36 36
droplet 0.842018 168 344 42 42
droplet 0.834133 573 179 36 36
droplet 0.829632 580 316 36 36
droplet 0.826013 558 290 36 36
droplet 0.822711 496 335 34 34
droplet 0.822545 551 381 36 36
droplet 0.807511 388 398 36 36
droplet 0.803775 528 407 36 36
droplet 0.801037 503 384 36 36
droplet 0.775579 0 224 26 42
droplet 0.754745 576 459 32 20
droplet 0.730978 614 319 25 39
droplet 0.643009 410 458 32 21
droplet 0.611521 518 429 14 14
droplet 0.61104 0 444 47 35
droplet 0.605411 622 136 17 29
droplet 0.505584 0 265 19 28
droplet 0.460866 616 224 23 33
droplet 0.428232 0 54 16 27
droplet 0.362677 292 0 24 15
