droplet 0.99185 248 453 38 26
droplet 0.981298 162 123 39 39
droplet 0.972328 363 91 35 35
droplet 0.970209 73 350 38 38
droplet 0.968862 120 397 35 35
droplet 0.968711 0 15 33 35
droplet 0.967917 274 312 35 35
droplet 0.966198 184 451 35 28
droplet 0.963465 109 362 35 35
droplet 0.963383 31 376 35 35
droplet 0.961729 542 457 39 22
droplet 0.961275 315 112 35 35
droplet 0.961085 359 125 35 35
droplet 0.961008 182 90 35 35
droplet 0.960952 122 435 35 35
droplet 0.959775 237 317 35 35
droplet 0.958621 272 117 35 35
droplet 0.958571 0 56 29 38
droplet 0.958057 91 132 35 35
droplet 0.957142 609 364 30 35
droplet 0.956576 306 344 35 35
droplet 0.956544 342 316 35 35
droplet 0.956189 165 317 35 35
droplet 0.954988 263 267 35 35
droplet 0.954717 379 55 35 35
droplet 0.953461 131 80 35 35
droplet 0.951763 51 289 35 35
droplet 0.951515 441 85 35 35
droplet 0.950957 464 225 35 35
droplet 0.950727 38 436 35 35
droplet 0.950616 320 147 35 35
droplet 0.950355 612 443 27 35
droplet 0.950298 336 280 35 35
droplet 0.949882 411 307 35 35
droplet 0.949361 353 350 35 35
droplet 0.949252 474 188 35 35
droplet 0.949145 239 142 35 35
droplet 0.948941 308 302 35 35
droplet 0.948306 22 239 35 35
droplet 0.94758 461 344 35 35
droplet 0.947132 230 277 35 35
droplet 0.947076 361 253 35 35
droplet 0.946976 15 306 38 38
droplet 0.94697 36 339 38 38
droplet 0.946057 48 122 35 35
droplet 0.945353 433 247 35 35
droplet 0.943793 132 152 35 35
droplet 0.942228 231 357 38 38
droplet 0.940767 374 286 35 35
droplet 0.940534 147 219 35 35
droplet 0.939787 117 238 35 35
droplet 0.939564 81 308 39 39
droplet 0.939324 224 395 38 38
droplet 0.938997 340 181 35 35
droplet 0.938475 427 378 39 39
droplet 0.938424 112 198 35 35
droplet 0.937349 541 200 35 35
droplet 0.937068 88 423 35 35
droplet 0.936372 299 267 35 35
droplet 0.936334 86 269 38 38
droplet 0.934818 186 0 38 23
droplet 0.934446 122 281 41 41
droplet 0.934411 424 214 35 35
droplet 0.93408 392 386 35 35
droplet 0.934017 225 242 35 35
droplet 0.933915 414 108 35 35
droplet 0.93389 409 18 35 35
droplet 0.931784 438 180 38 38
droplet 0.93088 533 268 35 35
droplet 0.929721 402 168 35 35
droplet 0.929584 279 0 38 31
droplet 0.929544 583 31 35 35
droplet 0.928855 224 0 34 34
droplet 0.928616 83 227 35 35
droplet 0.928582 425 142 35 35
droplet 0.928136 371 2 35 35
droplet 0.927912 168 162 35 35
droplet 0.927461 211 115 38 38
droplet 0.926394 221 82 34 34
droplet 0.924818 59 399 35 35
droplet 0.924607 276 201 35 35
droplet 0.924606 202 297 35 35
droplet 0.924489 356 393 38 38
droplet 0.923577 178 196 34 34
droplet 0.923225 56 250 34 34
droplet 0.921989 488 155 35 35
droplet 0.921909 502 22 39 39
droplet 0.921636 324 375 35 35
droplet 0.92123 543 32 35 35
droplet 0.921101 500 372 34 34
droplet 0.92075 294 232 35 35
droplet 0.920111 174 355 35 35
droplet 0.919521 491 321 35 35
droplet 0.91952 154 383 34 34
droplet 0.919241 149 254 35 35
droplet 0.918896 410 418 35 35
droplet 0.918237 508 435 35 35
droplet 0.918126 466 378 35 35
droplet 0.917915 259 232 35 35
droplet 0.917759 120 113 35 35
droplet 0.917448 519 403 35 35
droplet 0.917352 201 149 34 34
droplet 0.917326 216 178 35 35
droplet 0.916819 359 215 38 38
droplet 0.916727 305 181 35 35
droplet 0.916565 435 443 35 35
droplet 0.916506 559 2 35 35
droplet 0.915904 305 18 35 35
droplet 0.915842 30 188 35 35
droplet 0.9151 454 36 35 35
droplet 0.914955 454 310 35 35
droplet 0.914838 166 419 35 35
droplet 0.914569 395 352 35 35
droplet 0.914414 405 268 35 35
droplet 0.913891 467 263 35 35
droplet 0.913485 392 201 35 35
droplet 0.913441 0 212 29 38
droplet 0.913436 461 136 34 34
droplet 0.913315 170 283 35 35
droplet 0.913255 601 402 35 35
droplet 0.912443 57 158 35 35
droplet 0.911497 499 251 35 35
droplet 0.911183 475 89 35 35
droplet 0.910903 571 177 35 35
droplet 0.910893 207 212 35 35
droplet 0.910686 179 234 35 35
droplet 0.910567 117 320 35 35
droplet 0.910311 188 390 35 35
droplet 0.909641 323 211 35 35
droplet 0.90934 437 282 34 34
droplet 0.909234 531 65 35 35
droplet 0.908837 141 345 35 35
droplet 0.908781 99 167 34 34
droplet 0.908522 212 429 35 35
droplet 0.907171 521 130 38 38
droplet 0.906001 618 159 21 38
droplet 0.905736 573 212 35 35
droplet 0.90567 0 259 30 38
droplet 0.905538 78 194 34 34
droplet 0.90547 242 203 34 34
droplet 0.904912 427 338 35 35
droplet 0.904794 377 321 35 35
droplet 0.904412 199 331 35 35
droplet 0.90361 580 436 34 34
droplet 0.9035 286 153 34 34
droplet 0.90334 551 329 35 35
droplet 0.90319 574 355 35 35
droplet 0.903049 523 302 35 35
droplet 0.903022 513 94 35 35
droplet 0.901965 144 186 34 34
droplet 0.90111 530 233 35 35
droplet 0.900662 619 263 20 39
droplet 0.900323 367 159 38 38
droplet 0.899755 437 0 38 35
droplet 0.899072 564 247 38 38
droplet 0.898908 498 216 35 35
droplet 0.897272 471 439 35 35
droplet 0.896592 328 247 34 34
droplet 0.895684 393 237 34 34
droplet 0.893428 614 126 25 35
droplet 0.892785 580 66 35 35
droplet 0.891641 198 263 34 34
droplet 0.891588 509 184 35 35
droplet 0.890124 557 126 35 35
droplet 0.88883 603 192 35 35
droplet 0.888644 257 172 35 35
droplet 0.887865 548 421 35 35
droplet 0.887084 6 118 34 34
droplet 0.88517 585 145 35 35
droplet 0.882796 485 407 35 35
droplet 0.882102 21 146 35 35
droplet 0.879821 0 171 35 38
droplet 0.879581 555 90 35 35
droplet 0.878462 51 216 34 34
droplet 0.878439 569 390 35 35
droplet 0.877931 484 55 38 38
droplet 0.87678 537 163 38 38
droplet 0.872368 471 6 35 35
droplet 0.870551 493 285 35 35
droplet 0.868886 519 342 35 35
droplet 0.86808 450 410 35 35
droplet 0.862777 587 278 35 35
droplet 0.861709 150 460 32 19
droplet 0.857432 490 120 34 34
droplet 0.857286 600 235 35 35
droplet 0.856681 620 332 19 34
droplet 0.849454 619 86 20 39
droplet 0.848143 605 0 30 30
droplet 0.844725 585 106 35 35
droplet 0.843932 538 371 38 38
droplet 0.843466 584 314 38 38
droplet 0.825516 619 295 20 39
droplet 0.811355 558 295 34 34
droplet 0.448228 0 309 20 31
droplet 0.392165 0 104 18 27
