droplet 1 433 462 32 17
droplet 0.988723 96 447 35 32
droplet 0.979973 463 450 35 29
droplet 0.973173 503 457 39 22
droplet 0.968782 239 305 35 35
droplet 0.968061 10 457 39 22
droplet 0.964485 184 398 35 35
droplet 0.964087 216 249 35 35
droplet 0.963537 319 142 35 35
droplet 0.963229 22 360 35 35
droplet 0.962951 501 420 35 35
droplet 0.96262 325 176 35 35
droplet 0.958848 148 422 35 35
droplet 0.95845 374 0 35 31
droplet 0.95844 373 324 35 35
droplet 0.956945 219 402 35 35
droplet 0.956282 258 108 35 35
droplet 0.955538 88 97 37 37
droplet 0.954843 250 227 35 35
droplet 0.952715 552 8 35 35
droplet 0.951763 397 294 35 35
droplet 0.951458 405 435 35 35
droplet 0.951077 340 355 37 37
droplet 0.951074 463 133 35 35
droplet 0.950841 222 358 35 35
droplet 0.950292 88 330 39 39
droplet 0.950046 53 255 35 35
droplet 0.949958 518 355 35 35
droplet 0.949818 276 200 35 35
droplet 0.94973 115 411 35 35
droplet 0.948941 352 68 35 35
droplet 0.948918 615 0 24 28
droplet 0.948789 390 196 35 35
droplet 0.948562 399 42 35 35
droplet 0.948508 389 232 35 35
droplet 0.948474 539 323 35 35
droplet 0.948447 25 323 35 35
droplet 0.948389 466 415 35 35
droplet 0.94789 182 433 35 35
droplet 0.946892 61 221 35 35
droplet 0.946892 116 368 35 35
droplet 0.945938 269 284 35 35
droplet 0.945595 372 264 35 35
droplet 0.944705 424 227 35 35
droplet 0.944124 410 261 35 35
droplet 0.944033 304 13 35 35
droplet 0.94392 202 293 35 35
droplet 0.943669 571 80 35 35
droplet 0.942868 180 219 35 35
droplet 0.942764 141 275 35 35
droplet 0.942445 47 151 37 37
droplet 0.941025 339 2 35 35
droplet 0.939319 353 134 35 35
droplet 0.938912 364 29 37 37
droplet 0.938563 136 159 35 35
droplet 0.938338 534 387 35 35
droplet 0.937522 160 62 35 35
droplet 0.937383 191 331 35 35
droplet 0.936998 334 261 35 35
droplet 0.935931 347 301 34 34
droplet 0.935554 289 168 35 35
droplet 0.934911 399 363 35 35
droplet 0.934527 335 102 35 35
droplet 0.934208 45 45 34 34
droplet 0.933156 178 363 35 35
droplet 0.932379 570 186 35 35
droplet 0.932198 370 104 34 34
droplet 0.93195 0 32 32 35
droplet 0.931927 401 398 34 34
droplet 0.93157 159 127 35 35
droplet 0.931262 464 316 35 35
droplet 0.931088 49 77 35 35
droplet 0.931086 122 245 34 34
droplet 0.931001 546 214 35 35
droplet 0.930144 499 385 35 35
droplet 0.930077 107 291 37 37
droplet 0.929979 537 422 34 34
droplet 0.929908 300 268 35 35
droplet 0.92875 144 387 35 35
droplet 0.928317 443 42 34 34
droplet 0.927452 0 67 33 37
droplet 0.927031 149 29 35 35
droplet 0.926681 592 49 35 35
droplet 0.925608 477 101 35 35
droplet 0.925453 483 350 35 35
droplet 0.925372 328 38 35 35
droplet 0.925187 407 162 35 35
droplet 0.925121 123 126 35 35
droplet 0.924982 421 70 35 35
droplet 0.924819 219 215 34 34
droplet 0.92445 148 350 34 34
droplet 0.924119 87 246 35 35
droplet 0.923727 465 379 35 35
droplet 0.923233 572 114 35 35
droplet 0.921117 500 127 35 35
droplet 0.920737 294 47 35 35
droplet 0.920651 622 371 17 34
droplet 0.919812 443 162 35 35
droplet 0.919209 557 41 37 37
droplet 0.918969 116 18 35 35
droplet 0.918968 535 247 37 37
droplet 0.918805 272 0 35 35
droplet 0.918136 607 318 32 35
droplet 0.918126 132 318 35 35
droplet 0.918025 141 457 33 22
droplet 0.917583 50 188 35 35
droplet 0.917273 508 160 35 35
droplet 0.916981 256 153 35 35
droplet 0.916758 53 389 34 34
droplet 0.915947 500 316 39 39
droplet 0.915906 275 76 35 35
droplet 0.915728 59 313 34 34
droplet 0.915534 30 0 37 30
droplet 0.915143 430 377 35 35
droplet 0.914741 408 330 35 35
droplet 0.914705 78 410 37 37
droplet 0.914102 519 32 37 37
droplet 0.913878 135 90 39 39
droplet 0.913374 196 188 34 34
droplet 0.913342 215 159 35 35
droplet 0.912929 113 61 37 37
droplet 0.912855 0 294 34 35
droplet 0.912593 296 230 37 37
droplet 0.911966 562 297 34 34
droplet 0.911719 389 132 35 35
droplet 0.911219 182 263 35 35
droplet 0.910685 455 242 35 35
droplet 0.910677 174 94 37 37
droplet 0.910606 76 131 35 35
droplet 0.909835 574 328 34 34
droplet 0.909782 142 0 37 23
droplet 0.909451 82 368 34 34
droplet 0.908507 356 234 34 34
droplet 0.908387 431 305 35 35
droplet 0.908064 523 285 39 39
droplet 0.907958 586 9 35 35
droplet 0.907309 189 42 34 34
droplet 0.906206 205 73 35 35
droplet 0.906096 239 185 37 37
droplet 0.905008 243 16 34 34
droplet 0.904464 595 445 35 34
droplet 0.904364 164 301 37 37
droplet 0.904198 425 193 35 35
droplet 0.90361 446 346 34 34
droplet 0.903422 475 175 37 37
droplet 0.903376 159 186 35 35
droplet 0.903166 456 206 35 35
droplet 0.902669 605 168 34 35
droplet 0.902515 540 147 34 34
droplet 0.902446 432 412 34 34
droplet 0.902204 570 424 34 34
droplet 0.901982 104 214 34 34
droplet 0.901966 475 282 35 35
droplet 0.901965 328 212 34 34
droplet 0.90104 197 126 35 35
droplet 0.900027 460 70 35 35
droplet 0.899506 84 183 37 37
droplet 0.898974 178 156 35 35
droplet 0.898135 18 265 37 37
droplet 0.898026 510 94 35 35
droplet 0.897147 0 444 16 27
droplet 0.89706 85 38 35 35
droplet 0.896964 241 73 35 35
droplet 0.896959 25 213 35 35
droplet 0.896819 173 5 35 35
droplet 0.896436 76 283 34 34
droplet 0.896208 568 263 35 35
droplet 0.895809 540 114 34 34
droplet 0.895133 406 8 35 35
droplet 0.894783 300 101 35 35
droplet 0.894113 512 205 35 35
droplet 0.892512 573 149 37 37
droplet 0.892422 0 199 26 41
droplet 0.892195 458 8 35 35
droplet 0.891539 554 356 37 37
droplet 0.891149 386 74 35 35
droplet 0.891149 594 287 35 35
droplet 0.89058 223 44 34 34
droplet 0.888902 138 214 34 34
droplet 0.888678 156 243 34 34
droplet 0.888427 604 132 35 35
droplet 0.888191 261 45 34 34
droplet 0.887943 570 390 34 34
droplet 0.887509 500 256 37 37
droplet 0.88674 90 0 39 25
droplet 0.886064 373 164 34 34
droplet 0.885397 225 104 34 34
droplet 0.883186 54 346 35 35
droplet 0.882323 537 181 34 34
droplet 0.881351 499 61 35 35
droplet 0.879676 406 102 35 35
droplet 0.878844 285 132 35 35
droplet 0.877586 536 70 37 37
droplet 0.87751 441 99 37 37
droplet 0.877472 60 13 35 35
droplet 0.876814 518 0 37 34
droplet 0.876308 226 438 37 37
droplet 0.875546 357 192 35 35
droplet 0.875172 14 98 34 34
droplet 0.875157 0 237 35 35
droplet 0.874668 0 150 26 37
droplet 0.870432 339 460 24 19
droplet 0.869779 604 253 35 35
droplet 0.869635 578 229 35 35
droplet 0.868975 345 394 36 36
droplet 0.867408 102 154 35 35
droplet 0.866716 319 72 34 34
droplet 0.865934 437 0 23 22
droplet 0.863585 601 202 35 35
droplet 0.859148 477 38 34 34
droplet 0.858356 236 138 27 27
droplet 0.857878 0 408 27 28
droplet 0.857422 496 15 28 28
droplet 0.854402 13 179 26 26
droplet 0.851806 0 327 22 37
droplet 0.851338 425 132 34 34
droplet 0.84659 486 226 34 34
droplet 0.845907 602 97 35 35
droplet 0.842459 599 404 37 37
droplet 0.83586 46 113 34 34
droplet 0.826304 591 359 34 34
droplet 0.81095 285 412 35 35
droplet 0.788547 213 14 30 30
droplet 0.752043 446 273 24 24
droplet 0.744597 272 443 72 36
droplet 0.739193 253 433 32 32
droplet 0.733065 318 414 26 26
droplet 0.585127 374 456 34 23
droplet 0.495308 373 419 33 33
droplet 0.488361 622 230 17 27
droplet 0.450788 240 0 33 20
droplet 0.40058 0 1 20 35
droplet 0.393009 314 0 31 18
