droplet 0.991643 222 460 35 19
droplet 0.988008 297 456 37 23
droplet 0.972983 255 458 39 21
droplet 0.967155 332 451 35 28
droplet 0.954862 611 422 28 35
droplet 0.950258 411 362 35 35
droplet 0.950144 88 458 35 21
droplet 0.950008 367 282 33 33
droplet 0.94749 208 298 35 35
droplet 0.945961 323 224 35 35
droplet 0.944794 302 161 35 35
droplet 0.943085 78 424 35 35
droplet 0.941613 229 186 35 35
droplet 0.941407 142 411 35 35
droplet 0.941407 288 229 35 35
droplet 0.94129 66 87 33 33
droplet 0.939135 111 273 35 35
droplet 0.93754 112 35 35 35
droplet 0.936691 257 364 35 35
droplet 0.936477 252 0 35 31
droplet 0.936384 284 86 35 35
droplet 0.936285 267 55 35 35
droplet 0.936267 350 11 35 35
droplet 0.935912 594 225 35 35
droplet 0.935768 306 423 33 33
droplet 0.935141 595 132 35 35
droplet 0.934888 73 228 35 35
droplet 0.933906 365 325 33 33
droplet 0.933594 107 1 35 35
droplet 0.93339 340 417 36 36
droplet 0.932954 358 221 33 33
droplet 0.932646 237 429 33 33
droplet 0.932517 453 342 35 35
droplet 0.931235 121 69 35 35
droplet 0.930715 0 168 34 35
droplet 0.930661 34 178 35 35
droplet 0.930523 65 153 35 35
droplet 0.930438 386 9 35 35
droplet 0.930006 422 0 37 33
droplet 0.929378 255 211 35 35
droplet 0.929186 151 242 35 35
droplet 0.927627 196 332 35 35
droplet 0.927494 578 351 35 35
droplet 0.927329 237 152 35 35
droplet 0.926838 144 20 35 35
droplet 0.925907 345 253 33 33
droplet 0.925429 377 361 35 35
droplet 0.925108 239 277 35 35
droplet 0.924728 408 420 35 35
droplet 0.924534 267 305 35 35
droplet 0.924258 393 216 35 35
droplet 0.924258 143 284 35 35
droplet 0.924186 333 285 33 33
droplet 0.9236 270 141 33 33
droplet 0.923088 461 153 33 33
droplet 0.922865 163 209 35 35
droplet 0.920918 127 377 35 35
droplet 0.920147 475 276 35 35
droplet 0.91971 116 239 35 35
droplet 0.919572 175 303 33 33
droplet 0.918962 144 320 33 33
droplet 0.918638 55 324 33 33
droplet 0.91799 151 86 35 35
droplet 0.91787 492 233 35 35
droplet 0.917759 325 190 35 35
droplet 0.917759 224 355 35 35
droplet 0.917476 215 393 35 35
droplet 0.917454 545 195 35 35
droplet 0.91723 204 159 33 33
droplet 0.917069 117 439 35 35
droplet 0.916389 31 143 35 35
droplet 0.916058 609 75 30 35
droplet 0.915906 369 189 35 35
droplet 0.915601 423 450 37 29
droplet 0.914949 463 58 35 35
droplet 0.914741 249 397 35 35
droplet 0.91471 51 456 41 23
droplet 0.91414 203 432 33 33
droplet 0.914089 102 208 35 35
droplet 0.913207 485 90 35 35
droplet 0.912962 560 226 35 35
droplet 0.912347 23 310 35 35
droplet 0.912001 19 439 35 35
droplet 0.911813 209 125 35 35
droplet 0.910945 219 93 33 33
droplet 0.910709 590 189 35 35
droplet 0.910406 469 121 33 33
droplet 0.910327 527 165 35 35
droplet 0.910247 493 13 35 35
droplet 0.909922 34 78 33 33
droplet 0.909865 592 452 35 27
droplet 0.90964 460 308 35 35
droplet 0.909412 424 155 35 35
droplet 0.909291 0 134 33 35
droplet 0.908601 397 126 35 35
droplet 0.908601 375 407 35 35
droplet 0.90834 486 350 35 35
droplet 0.90834 526 229 35 35
droplet 0.908012 0 334 31 35
droplet 0.907897 495 48 35 35
droplet 0.90742 243 117 35 35
droplet 0.907272 22 109 35 35
droplet 0.906962 490 169 35 35
droplet 0.906805 57 118 35 35
droplet 0.906418 597 287 33 33
droplet 0.905935 339 104 33 33
droplet 0.90584 428 296 35 35
droplet 0.905703 252 86 33 33
droplet 0.905592 594 7 35 35
droplet 0.905457 460 1 35 35
droplet 0.905236 394 309 35 35
droplet 0.904829 76 262 37 37
droplet 0.904298 38 383 33 33
droplet 0.904146 479 384 33 33
droplet 0.9035 382 157 33 33
droplet 0.902945 344 352 33 33
droplet 0.90257 611 336 28 37
droplet 0.902557 334 42 35 35
droplet 0.902317 601 386 37 37
droplet 0.902207 549 322 33 33
droplet 0.902204 180 15 33 33
droplet 0.902148 291 195 35 35
droplet 0.901727 475 201 35 35
droplet 0.901512 236 321 35 35
droplet 0.901393 494 305 35 35
droplet 0.901323 511 198 35 35
droplet 0.90115 111 307 35 35
droplet 0.901088 191 72 35 35
droplet 0.90103 423 330 33 33
droplet 0.900578 228 61 33 33
droplet 0.900227 212 7 35 35
droplet 0.899917 48 283 35 35
droplet 0.899857 71 391 33 33
droplet 0.898664 542 259 35 35
droplet 0.898613 507 263 35 35
droplet 0.898527 239 27 37 37
droplet 0.898486 400 276 33 33
droplet 0.898339 442 31 35 35
droplet 0.89752 174 269 33 33
droplet 0.897412 217 219 34 34
droplet 0.897333 302 299 33 33
droplet 0.897089 450 91 35 35
droplet 0.896971 434 122 35 35
droplet 0.896964 295 119 35 35
droplet 0.896777 457 232 35 35
droplet 0.896552 164 346 35 35
droplet 0.896378 181 105 35 35
droplet 0.895889 499 134 35 35
droplet 0.895839 310 258 35 35
droplet 0.895658 107 406 35 35
droplet 0.894852 186 236 35 35
droplet 0.894802 527 293 35 35
droplet 0.89445 428 213 35 35
droplet 0.894433 87 332 35 35
droplet 0.894313 79 27 35 35
droplet 0.894228 408 36 35 35
droplet 0.894022 404 183 35 35
droplet 0.893891 393 68 33 33
droplet 0.893876 279 273 35 35
droplet 0.893558 318 75 35 35
droplet 0.893523 577 257 35 35
droplet 0.892571 194 191 35 35
droplet 0.892113 300 46 35 35
droplet 0.891641 79 299 33 33
droplet 0.89148 121 344 33 33
droplet 0.891349 167 436 33 33
droplet 0.891324 161 50 37 37
droplet 0.891172 582 99 35 35
droplet 0.890657 527 15 35 35
droplet 0.890532 263 176 35 35
droplet 0.890477 378 248 35 35
droplet 0.890243 0 97 25 37
droplet 0.889926 13 242 35 35
droplet 0.889361 181 403 35 35
droplet 0.888426 61 357 35 35
droplet 0.888426 132 190 35 35
droplet 0.888045 313 13 35 35
droplet 0.887649 443 264 35 35
droplet 0.887584 54 51 35 35
droplet 0.886777 514 372 35 35
droplet 0.886775 349 384 35 35
droplet 0.886371 275 22 35 35
droplet 0.88604 330 318 35 35
droplet 0.885701 271 425 35 35
droplet 0.885657 29 346 33 33
droplet 0.884944 414 244 35 35
droplet 0.884046 88 60 35 35
droplet 0.883474 64 194 35 35
droplet 0.883255 162 381 31 31
droplet 0.882831 376 98 35 35
droplet 0.88268 70 0 37 28
droplet 0.882679 353 72 35 35
droplet 0.882068 346 162 35 35
droplet 0.882033 555 0 37 33
droplet 0.881965 0 261 20 35
droplet 0.88179 208 263 34 34
droplet 0.881724 45 416 35 35
droplet 0.880737 191 367 35 35
droplet 0.880189 564 165 35 35
droplet 0.879224 12 405 35 35
droplet 0.878985 579 415 33 33
droplet 0.878944 5 371 35 35
droplet 0.878905 562 289 35 35
droplet 0.878699 23 41 33 33
droplet 0.878424 545 355 33 33
droplet 0.877191 7 202 37 37
droplet 0.876553 2 67 35 35
droplet 0.8751 325 135 35 35
droplet 0.874777 15 276 35 35
droplet 0.874355 369 41 35 35
droplet 0.874058 365 441 35 35
droplet 0.872615 522 110 35 35
droplet 0.871621 40 219 35 35
droplet 0.867859 428 64 35 35
droplet 0.86782 360 129 35 35
droplet 0.867031 545 136 35 35
droplet 0.866855 112 124 69 69
droplet 0.865662 5 10 35 35
droplet 0.865444 569 30 35 35
droplet 0.864726 412 94 35 35
droplet 0.8645 283 392 35 35
droplet 0.863253 202 39 35 35
droplet 0.862455 582 317 35 35
droplet 0.862328 178 140 33 33
droplet 0.859413 318 392 33 33
droplet 0.858526 516 332 35 35
droplet 0.857781 543 53 35 35
droplet 0.857551 446 183 35 35
droplet 0.85669 550 88 35 35
droplet 0.853663 564 382 35 35
droplet 0.845606 156 0 40 24
droplet 0.844623 94 366 35 35
droplet 0.844123 516 74 37 37
droplet 0.844095 46 17 35 35
droplet 0.843918 601 41 35 35
droplet 0.838509 0 304 28 28
droplet 0.834215 287 340 60 60
droplet 0.827173 285 0 40 24
droplet 0.824074 575 65 35 35
droplet 0.822806 617 255 22 37
droplet 0.814543 464 434 89 45
droplet 0.806884 166 175 33 33
droplet 0.799584 93 175 35 35
droplet 0.785988 524 418 25 25
droplet 0.762292 234 247 31 31
droplet 0.754776 564 443 24 24
droplet 0.722713 270 251 24 24
droplet 0.695509 495 414 24 24
droplet 0.681545 395 460 31 19
droplet 0.624975 619 123 20 31
droplet 0.603459 623 308 16 29
droplet 0.577505 0 229 21 33
droplet 0.555809 514 0 34 22
droplet 0.52413 0 397 21 29
droplet 0.523291 323 0 30 22
droplet 0.462205 0 40 22 32
droplet 0.407202 195 0 30 18
droplet 0.389699 0 199 14 23
