droplet 0.994007 245 450 35 29
droplet 0.971393 518 4 37 37
droplet 0.968673 273 229 35 35
droplet 0.966788 576 249 35 35
droplet 0.966601 308 423 35 35
droplet 0.966491 252 89 35 35
droplet 0.965598 207 188 35 35
droplet 0.963832 319 2 35 35
droplet 0.963653 611 190 28 35
droplet 0.962929 152 365 33 33
droplet 0.95978 206 443 35 35
droplet 0.959246 232 38 35 35
droplet 0.956369 613 330 26 35
droplet 0.95532 147 154 35 35
droplet 0.955026 369 383 35 35
droplet 0.953642 485 185 37 37
droplet 0.953018 390 353 35 35
droplet 0.952397 82 133 35 35
droplet 0.952208 172 424 35 35
droplet 0.951762 293 35 35 35
droplet 0.951452 37 275 35 35
droplet 0.951258 40 40 35 35
droplet 0.950588 388 15 35 35
droplet 0.950484 462 454 35 25
droplet 0.950297 355 138 35 35
droplet 0.950158 271 418 37 37
droplet 0.950098 550 291 35 35
droplet 0.95 77 305 35 35
droplet 0.949601 618 283 21 33
droplet 0.949252 250 263 35 35
droplet 0.949124 278 116 35 35
droplet 0.948309 219 0 37 27
droplet 0.947486 541 255 35 35
droplet 0.947311 389 55 35 35
droplet 0.947274 382 191 35 35
droplet 0.946741 350 174 35 35
droplet 0.94523 116 131 35 35
droplet 0.945048 220 285 35 35
droplet 0.944885 106 402 35 35
droplet 0.944537 10 246 35 35
droplet 0.944379 105 272 35 35
droplet 0.944033 515 291 35 35
droplet 0.943915 329 274 35 35
droplet 0.943876 142 400 34 34
droplet 0.943741 312 459 37 20
droplet 0.943538 338 403 35 35
droplet 0.942967 47 109 37 37
droplet 0.942514 617 415 22 35
droplet 0.942373 382 225 35 35
droplet 0.942107 112 306 35 35
droplet 0.941719 415 202 35 35
droplet 0.941583 411 323 35 35
droplet 0.941509 71 267 35 35
droplet 0.940529 182 160 34 34
droplet 0.940465 522 142 35 35
droplet 0.939769 448 300 35 35
droplet 0.939165 324 74 35 35
droplet 0.938848 145 282 34 34
droplet 0.93877 610 248 29 35
droplet 0.938463 69 405 35 35
droplet 0.938182 217 85 35 35
droplet 0.937629 419 133 35 35
droplet 0.936809 76 38 35 35
droplet 0.936809 506 258 35 35
droplet 0.936699 404 394 35 35
droplet 0.936001 444 335 35 35
droplet 0.935782 13 102 35 35
droplet 0.935271 180 286 35 35
droplet 0.934765 8 138 35 35
droplet 0.934411 112 165 35 35
droplet 0.934299 424 364 35 35
droplet 0.934299 11 173 35 35
droplet 0.934017 49 372 35 35
droplet 0.933776 421 4 34 34
droplet 0.932442 502 110 35 35
droplet 0.932017 587 297 35 35
droplet 0.930801 237 121 35 35
droplet 0.92987 344 306 35 35
droplet 0.929547 83 99 35 35
droplet 0.929031 281 193 35 35
droplet 0.929001 472 380 35 35
droplet 0.927779 482 23 35 35
droplet 0.926865 201 54 35 35
droplet 0.926442 411 96 35 35
droplet 0.925931 451 145 35 35
droplet 0.925626 356 23 35 35
droplet 0.924176 596 89 35 35
droplet 0.924176 536 174 35 35
droplet 0.924021 499 75 35 35
droplet 0.923868 466 113 35 35
droplet 0.923853 134 432 35 35
droplet 0.923718 345 104 35 35
droplet 0.923717 279 455 37 24
droplet 0.923424 40 152 35 35
droplet 0.923411 84 373 34 34
droplet 0.923168 259 9 35 35
droplet 0.922625 580 211 37 37
droplet 0.922579 9 317 34 34
droplet 0.922098 235 376 35 35
droplet 0.921398 370 418 35 35
droplet 0.920837 377 319 35 35
droplet 0.920737 3 282 35 35
droplet 0.920607 242 312 35 35
droplet 0.920583 480 289 35 35
droplet 0.920484 183 0 34 20
droplet 0.920061 471 255 35 35
droplet 0.919835 418 167 35 35
droplet 0.919581 117 370 35 35
droplet 0.919325 19 69 35 35
droplet 0.919167 203 406 35 35
droplet 0.919067 188 224 35 35
droplet 0.919011 187 125 35 35
droplet 0.918858 380 285 35 35
droplet 0.918708 245 207 35 35
droplet 0.918707 457 215 35 35
droplet 0.917989 32 4 35 35
droplet 0.917352 239 411 34 34
droplet 0.91707 0 409 35 37
droplet 0.916663 295 354 35 35
droplet 0.916375 378 89 34 34
droplet 0.916224 424 58 35 35
droplet 0.916193 302 389 35 35
droplet 0.916072 0 68 17 29
droplet 0.915706 173 86 41 41
droplet 0.914845 487 143 35 35
droplet 0.914806 555 36 35 35
droplet 0.914002 334 241 35 35
droplet 0.913522 387 120 35 35
droplet 0.912898 95 339 37 37
droplet 0.912508 564 0 37 35
droplet 0.911707 449 181 35 35
droplet 0.911707 54 72 35 35
droplet 0.91119 386 155 35 35
droplet 0.910048 255 346 35 35
droplet 0.909149 490 225 35 35
droplet 0.908716 441 395 35 35
droplet 0.908601 14 208 35 35
droplet 0.907292 414 289 35 35
droplet 0.906803 321 139 35 35
droplet 0.906297 146 21 35 35
droplet 0.906151 589 123 34 34
droplet 0.905713 159 314 35 35
droplet 0.904301 437 430 35 35
droplet 0.904198 43 241 35 35
droplet 0.903893 306 219 35 35
droplet 0.903883 294 161 35 35
droplet 0.903712 476 346 35 35
droplet 0.903521 186 17 40 40
droplet 0.903367 440 266 34 34
droplet 0.903229 294 255 35 35
droplet 0.902663 345 209 34 34
droplet 0.90112 508 360 37 37
droplet 0.899941 64 0 37 34
droplet 0.899789 590 23 35 35
droplet 0.899671 179 344 35 35
droplet 0.899621 14 442 35 35
droplet 0.899456 570 178 35 35
droplet 0.899409 138 189 35 35
droplet 0.8994 173 193 34 34
droplet 0.898522 34 404 35 35
droplet 0.898219 445 31 35 35
droplet 0.897654 344 442 35 35
droplet 0.897558 555 131 35 35
droplet 0.897558 99 437 35 35
droplet 0.896722 222 232 35 35
droplet 0.896377 401 256 35 35
droplet 0.896183 166 254 34 34
droplet 0.894531 312 108 34 34
droplet 0.894462 0 347 29 35
droplet 0.894231 262 54 37 37
droplet 0.894113 535 101 35 35
droplet 0.89313 222 343 34 34
droplet 0.89303 456 0 35 34
droplet 0.892724 598 155 37 37
droplet 0.892459 356 346 35 35
droplet 0.891623 239 173 35 35
droplet 0.891615 288 79 37 37
droplet 0.891374 98 68 35 35
droplet 0.891023 28 344 35 35
droplet 0.890838 3 38 35 35
droplet 0.890475 63 338 34 34
droplet 0.88918 270 380 34 34
droplet 0.888899 563 323 35 35
droplet 0.888827 152 221 35 35
droplet 0.888814 98 10 35 35
droplet 0.888619 159 458 40 21
droplet 0.888045 278 286 35 35
droplet 0.887911 280 322 34 34
droplet 0.887705 498 320 35 35
droplet 0.887627 404 430 34 34
droplet 0.887231 327 41 34 34
droplet 0.886872 72 166 35 35
droplet 0.886331 427 233 35 35
droplet 0.886094 48 436 34 34
droplet 0.885471 0 4 33 37
droplet 0.884681 173 389 35 35
droplet 0.884001 309 304 34 34
droplet 0.882998 322 334 35 35
droplet 0.882711 466 60 37 37
droplet 0.882102 329 370 35 35
droplet 0.882089 131 248 35 35
droplet 0.881767 549 223 34 34
droplet 0.881767 471 418 34 34
droplet 0.880983 214 148 35 35
droplet 0.880583 148 115 35 35
droplet 0.879892 365 256 34 34
droplet 0.879676 167 49 35 35
droplet 0.879377 503 410 34 34
droplet 0.879173 562 78 35 35
droplet 0.878415 202 372 34 34
droplet 0.877977 93 240 34 34
droplet 0.877362 600 56 34 34
droplet 0.876599 14 376 35 35
droplet 0.872084 356 59 34 34
droplet 0.871998 263 147 35 35
droplet 0.871906 132 336 34 34
droplet 0.870873 43 188 35 35
droplet 0.87015 117 96 35 35
droplet 0.868813 319 187 34 34
droplet 0.86743 138 69 35 35
droplet 0.867397 581 435 35 35
droplet 0.866336 119 217 34 34
droplet 0.866186 42 309 35 35
droplet 0.862963 66 215 35 35
droplet 0.862672 612 451 27 28
droplet 0.862221 201 315 35 35
droplet 0.860512 597 0 40 25
droplet 0.860222 495 442 35 35
droplet 0.859489 518 204 35 35
droplet 0.851637 530 390 35 35
droplet 0.851526 612 375 27 37
droplet 0.849695 529 434 34 34
droplet 0.84969 529 61 37 37
droplet 0.849522 117 40 35 35
droplet 0.848213 93 194 35 35
droplet 0.848038 587 352 35 35
droplet 0.846776 541 349 35 35
droplet 0.840983 561 376 35 35
droplet 0.839233 445 87 35 35
droplet 0.835896 199 259 27 27
droplet 0.82838 555 413 35 35
droplet 0.81757 588 401 34 34
droplet 0.678748 618 33 21 33
droplet 0.626584 0 450 18 29
droplet 0.52562 523 460 32 19
droplet 0.511614 0 185 19 29
droplet 0.49037 0 385 19 30
droplet 0.487621 286 0 36 25
droplet 0.482726 0 113 19 33
droplet 0.476509 0 224 20 31
droplet 0.47317 0 262 17 29
droplet 0.432353 392 0 30 18
droplet 0.405567 487 0 35 21
droplet 0.386103 352 0 34 26
