droplet 1 248 460 38 19
droplet 0.973759 427 214 33 33
droplet 0.971945 189 448 36 31
droplet 0.971608 616 112 23 39
droplet 0.971109 234 167 36 36
droplet 0.965423 60 89 33 33
droplet 0.965344 147 349 36 36
droplet 0.965009 117 45 36 36
droplet 0.964341 523 400 36 36
droplet 0.963864 346 381 33 33
droplet 0.963084 136 216 36 36
droplet 0.96229 309 31 36 36
droplet 0.961632 196 371 36 36
droplet 0.959781 131 86 36 36
droplet 0.95978 368 330 36 36
droplet 0.958977 238 72 33 33
droplet 0.958565 0 2 29 38
droplet 0.957189 110 11 33 33
droplet 0.9568 459 220 36 36
droplet 0.956666 145 13 36 36
droplet 0.956189 584 181 36 36
droplet 0.953714 0 301 35 36
droplet 0.952661 298 384 36 36
droplet 0.952347 170 205 33 33
droplet 0.952331 232 204 36 36
droplet 0.951919 158 133 36 36
droplet 0.951293 146 290 33 33
droplet 0.95117 269 163 33 33
droplet 0.951139 419 51 36 36
droplet 0.950507 120 178 36 36
droplet 0.94982 575 107 36 36
droplet 0.949759 302 419 33 33
droplet 0.949252 519 26 36 36
droplet 0.948943 450 253 36 36
droplet 0.948837 47 275 38 38
droplet 0.947263 266 426 38 38
droplet 0.946331 32 396 36 36
droplet 0.946171 545 364 33 33
droplet 0.946165 71 241 33 33
droplet 0.945172 82 335 36 36
droplet 0.944956 177 301 33 33
droplet 0.944851 173 171 36 36
droplet 0.944705 198 142 36 36
droplet 0.944566 152 50 36 36
droplet 0.944113 559 332 33 33
droplet 0.943185 27 0 36 34
droplet 0.942906 69 207 36 36
droplet 0.942515 274 130 33 33
droplet 0.942515 533 299 33 33
droplet 0.942173 34 318 36 36
droplet 0.941346 185 334 36 36
droplet 0.940687 264 373 36 36
droplet 0.940419 540 190 36 36
droplet 0.939716 122 138 36 36
droplet 0.939068 492 228 36 36
droplet 0.939033 387 279 36 36
droplet 0.938903 588 42 36 36
droplet 0.938346 524 331 33 33
droplet 0.938045 442 353 36 36
droplet 0.937832 116 322 32 32
droplet 0.937443 437 123 38 38
droplet 0.937342 253 20 36 36
droplet 0.937068 286 277 36 36
droplet 0.936665 620 402 19 38
droplet 0.936142 408 99 36 36
droplet 0.935443 72 368 36 36
droplet 0.935128 83 292 36 36
droplet 0.935026 221 431 33 33
droplet 0.934847 335 418 36 36
droplet 0.934757 283 0 36 35
droplet 0.934039 0 371 32 36
droplet 0.934002 153 385 38 38
droplet 0.933975 424 283 36 36
droplet 0.933873 369 156 36 36
droplet 0.933633 238 248 36 36
droplet 0.933594 481 392 36 36
droplet 0.933594 487 323 36 36
droplet 0.933098 218 35 36 36
droplet 0.932789 453 418 36 36
droplet 0.932704 511 140 38 38
droplet 0.932196 95 420 36 36
droplet 0.9308 99 262 36 36
droplet 0.930224 124 451 38 28
droplet 0.928953 597 346 36 36
droplet 0.92885 141 250 36 36
droplet 0.928741 448 27 36 36
droplet 0.92809 552 38 36 36
droplet 0.927933 229 125 36 36
droplet 0.927933 401 311 36 36
droplet 0.92763 24 84 36 36
droplet 0.926768 111 353 36 36
droplet 0.926727 66 404 32 32
droplet 0.926361 5 339 36 36
droplet 0.926262 0 406 35 38
droplet 0.926149 119 393 33 33
droplet 0.926107 506 360 36 36
droplet 0.925585 272 244 36 36
droplet 0.924677 527 230 36 36
droplet 0.924333 565 406 36 36
droplet 0.923901 274 336 36 36
droplet 0.923743 200 221 33 33
droplet 0.923345 548 141 36 36
droplet 0.923168 415 378 36 36
droplet 0.922719 380 450 38 29
droplet 0.922471 239 401 36 36
droplet 0.922184 41 353 36 36
droplet 0.922151 373 406 38 38
droplet 0.921163 587 215 38 38
droplet 0.920318 102 227 36 36
droplet 0.920165 82 168 36 36
droplet 0.919811 575 284 36 36
droplet 0.91924 365 12 36 36
droplet 0.919237 270 197 36 36
droplet 0.918896 554 444 36 35
droplet 0.918858 61 7 36 36
droplet 0.917816 376 365 36 36
droplet 0.916842 268 56 36 36
droplet 0.916576 383 54 36 36
droplet 0.916353 199 100 36 36
droplet 0.91541 172 266 36 36
droplet 0.914805 353 76 36 36
droplet 0.914693 228 357 36 36
droplet 0.914237 358 196 36 36
droplet 0.913064 378 227 36 36
droplet 0.912088 487 428 38 38
droplet 0.911719 206 265 36 36
droplet 0.910449 10 261 36 36
droplet 0.910059 589 380 36 36
droplet 0.9098 337 285 36 36
droplet 0.909079 497 81 36 36
droplet 0.908999 308 184 36 36
droplet 0.907821 36 204 33 33
droplet 0.90774 306 351 36 36
droplet 0.906867 415 459 39 20
droplet 0.906805 446 178 36 36
droplet 0.906705 306 121 36 36
droplet 0.905911 335 161 36 36
droplet 0.90526 515 0 41 24
droplet 0.905142 411 17 36 36
droplet 0.904912 242 325 36 36
droplet 0.904209 98 99 36 36
droplet 0.904081 498 290 36 36
droplet 0.902974 181 412 36 36
droplet 0.902358 498 183 36 36
droplet 0.902157 0 111 35 36
droplet 0.901919 595 430 36 36
droplet 0.901018 341 128 36 36
droplet 0.900723 522 265 36 36
droplet 0.900671 181 69 36 36
droplet 0.900061 356 255 36 36
droplet 0.899957 70 122 36 36
droplet 0.899451 307 306 36 36
droplet 0.899019 319 66 36 36
droplet 0.898217 577 250 36 36
droplet 0.897803 396 132 36 36
droplet 0.897284 61 54 33 33
droplet 0.89706 540 83 36 36
droplet 0.896819 334 330 36 36
droplet 0.896777 436 317 36 36
droplet 0.896741 474 157 36 36
droplet 0.895815 37 237 36 36
droplet 0.894802 291 88 36 36
droplet 0.894286 142 421 36 36
droplet 0.893425 438 0 36 31
droplet 0.893224 257 98 36 36
droplet 0.893096 392 185 36 36
droplet 0.892452 35 31 36 36
droplet 0.891851 343 40 36 36
droplet 0.890615 464 61 38 38
droplet 0.889917 461 291 38 38
droplet 0.888869 189 17 33 33
droplet 0.886091 16 175 36 36
droplet 0.884664 597 311 36 36
droplet 0.883925 368 107 36 36
droplet 0.882446 608 266 31 38
droplet 0.881559 51 152 36 36
droplet 0.881545 324 239 36 36
droplet 0.881248 0 220 24 38
droplet 0.879688 406 423 36 36
droplet 0.873871 29 125 36 36
droplet 0.872885 171 0 38 22
droplet 0.870637 439 83 36 36
droplet 0.870351 417 159 36 36
droplet 0.867926 30 431 36 36
droplet 0.867835 223 297 33 33
droplet 0.865722 519 108 33 33
droplet 0.864796 89 459 39 20
droplet 0.86442 298 218 36 36
droplet 0.844082 54 457 39 22
droplet 0.833267 617 61 22 34
droplet 0.825287 621 230 18 30
droplet 0.811399 5 459 39 20
droplet 0.749488 612 459 27 20
droplet 0.739393 472 457 35 22
droplet 0.540731 0 165 21 33
droplet 0.51061 388 0 32 20
