droplet 1 622 368 17 31
droplet 0.988078 617 189 22 33
droplet 0.975339 618 327 21 38
droplet 0.97097 612 38 27 38
droplet 0.96666 205 162 36 36
droplet 0.964651 58 458 36 21
droplet 0.962787 618 107 21 39
droplet 0.962773 358 64 36 36
droplet 0.958783 472 65 33 33
droplet 0.95844 452 346 36 36
droplet 0.957994 319 177 33 33
droplet 0.957103 235 388 33 33
droplet 0.954332 609 245 30 36
droplet 0.953194 583 0 36 35
droplet 0.952779 282 264 31 31
droplet 0.952472 270 227 36 36
droplet 0.951919 218 200 36 36
droplet 0.950739 118 358 36 36
droplet 0.950046 66 229 36 36
droplet 0.949252 196 92 36 36
droplet 0.948895 256 6 38 38
droplet 0.948895 381 210 38 38
droplet 0.948226 171 125 36 36
droplet 0.948002 473 154 36 36
droplet 0.946974 100 165 33 33
droplet 0.946036 593 439 33 33
droplet 0.945962 345 269 36 36
droplet 0.945713 70 194 36 36
droplet 0.945288 383 375 34 34
droplet 0.944802 309 283 36 36
droplet 0.944683 87 326 36 36
droplet 0.944681 362 0 38 30
droplet 0.944304 108 196 36 36
droplet 0.944236 376 408 33 33
droplet 0.942975 310 210 36 36
droplet 0.942958 92 454 38 25
droplet 0.941541 596 281 36 36
droplet 0.941413 54 332 33 33
droplet 0.941411 476 118 36 36
droplet 0.94115 313 136 38 38
droplet 0.940157 445 91 36 36
droplet 0.940157 429 311 36 36
droplet 0.940088 595 148 38 38
droplet 0.939299 66 160 36 36
droplet 0.939102 156 266 36 36
droplet 0.938997 400 286 36 36
droplet 0.938463 124 48 36 36
droplet 0.937921 155 450 36 29
droplet 0.937911 546 224 36 36
droplet 0.937742 311 247 36 36
droplet 0.937649 137 225 36 36
droplet 0.937274 94 131 36 36
droplet 0.93721 236 237 36 36
droplet 0.936395 262 366 36 36
droplet 0.935143 164 58 36 36
droplet 0.934888 96 291 36 36
droplet 0.934484 231 421 33 33
droplet 0.934484 284 447 33 32
droplet 0.934178 348 382 36 36
droplet 0.933873 62 298 36 36
droplet 0.933741 174 231 36 36
droplet 0.933606 28 301 33 33
droplet 0.93351 217 41 36 36
droplet 0.932704 376 96 38 38
droplet 0.932226 333 348 31 31
droplet 0.93157 168 339 36 36
droplet 0.931261 204 251 36 36
droplet 0.931001 314 318 36 36
droplet 0.930533 573 182 36 36
droplet 0.92987 176 195 36 36
droplet 0.929747 535 3 36 36
droplet 0.929547 482 278 36 36
droplet 0.929318 517 153 38 38
droplet 0.929278 132 154 36 36
droplet 0.928374 594 71 36 36
droplet 0.92823 545 36 33 33
droplet 0.927933 554 150 36 36
droplet 0.927894 141 187 36 36
droplet 0.927487 348 306 36 36
droplet 0.927175 132 291 33 33
droplet 0.926374 188 369 36 36
droplet 0.926355 166 19 38 38
droplet 0.926339 549 259 36 36
droplet 0.926076 77 261 36 36
droplet 0.92607 352 164 36 36
droplet 0.92569 512 256 36 36
droplet 0.925513 166 161 36 36
droplet 0.92538 557 428 36 36
droplet 0.925372 155 92 36 36
droplet 0.924488 583 331 36 36
droplet 0.923723 0 162 22 39
droplet 0.923718 241 322 36 36
droplet 0.923402 263 408 36 36
droplet 0.922317 248 271 36 36
droplet 0.92201 409 402 38 38
droplet 0.921611 506 314 36 36
droplet 0.920955 587 214 38 38
droplet 0.92043 299 355 33 33
droplet 0.919521 470 312 36 36
droplet 0.919067 345 199 36 36
droplet 0.918969 237 80 36 36
droplet 0.918735 214 122 38 38
droplet 0.918727 127 325 36 36
droplet 0.918343 364 344 36 36
droplet 0.918325 275 133 36 36
droplet 0.918237 275 295 36 36
droplet 0.91755 439 383 36 36
droplet 0.916739 466 245 36 36
droplet 0.916502 471 454 38 25
droplet 0.915479 162 306 36 36
droplet 0.914955 395 22 36 36
droplet 0.91464 343 234 36 36
droplet 0.914592 442 126 36 36
droplet 0.913596 84 30 36 36
droplet 0.913437 437 273 33 33
droplet 0.913352 120 429 39 39
droplet 0.912987 81 421 36 36
droplet 0.912812 430 188 36 36
droplet 0.912302 398 175 36 36
droplet 0.911051 165 405 36 36
droplet 0.910893 128 396 36 36
droplet 0.910465 106 98 36 36
droplet 0.910254 251 449 33 30
droplet 0.910192 354 26 36 36
droplet 0.909634 448 29 36 36
droplet 0.909552 101 230 36 36
droplet 0.909495 580 401 36 36
droplet 0.908781 60 126 33 33
droplet 0.907958 577 37 36 36
droplet 0.907551 201 402 36 36
droplet 0.907131 275 329 36 36
droplet 0.906921 201 329 36 36
droplet 0.906921 94 388 36 36
droplet 0.906046 152 371 36 36
droplet 0.905973 425 155 33 33
droplet 0.904855 375 249 36 36
droplet 0.904783 313 50 36 36
droplet 0.902833 582 114 38 38
droplet 0.902758 391 320 36 36
droplet 0.902557 25 44 36 36
droplet 0.902126 497 402 36 36
droplet 0.901388 428 455 38 24
droplet 0.901299 225 354 36 36
droplet 0.899451 503 89 36 36
droplet 0.898869 253 47 36 36
droplet 0.898232 409 0 39 26
droplet 0.897849 409 353 36 36
droplet 0.897772 550 103 36 36
droplet 0.897705 472 0 24 23
droplet 0.896971 580 366 36 36
droplet 0.896316 520 119 36 36
droplet 0.895932 186 434 33 33
droplet 0.895586 103 0 36 36
droplet 0.895358 398 438 36 36
droplet 0.89527 13 133 36 36
droplet 0.894571 542 390 36 36
droplet 0.894248 488 185 36 36
droplet 0.893654 43 268 36 36
droplet 0.893558 483 30 36 36
droplet 0.893421 432 225 36 36
droplet 0.893394 266 99 36 36
droplet 0.893339 46 15 36 36
droplet 0.892273 343 112 36 36
droplet 0.892015 92 64 38 38
droplet 0.8909 409 251 36 36
droplet 0.890847 31 163 36 36
droplet 0.890477 411 87 36 36
droplet 0.888873 222 293 36 36
droplet 0.888814 56 391 36 36
droplet 0.888426 298 415 36 36
droplet 0.88829 371 134 38 38
droplet 0.887103 427 57 36 36
droplet 0.886563 55 62 36 36
droplet 0.886371 122 258 36 36
droplet 0.886371 18 336 36 36
droplet 0.886337 134 120 36 36
droplet 0.886197 71 93 36 36
droplet 0.885744 12 192 36 36
droplet 0.885397 553 310 36 36
droplet 0.884314 324 8 36 36
droplet 0.884289 334 415 33 33
droplet 0.883581 7 0 38 35
droplet 0.882998 21 402 36 36
droplet 0.882358 549 350 36 36
droplet 0.88231 560 67 36 36
droplet 0.882034 0 126 18 31
droplet 0.882006 74 360 36 36
droplet 0.881368 508 435 36 36
droplet 0.877919 32 222 36 36
droplet 0.877377 0 47 22 39
droplet 0.875982 0 283 34 36
droplet 0.875629 449 425 38 38
droplet 0.875086 41 363 33 33
droplet 0.874389 46 426 36 36
droplet 0.873618 473 377 36 36
droplet 0.873074 520 198 36 36
droplet 0.871138 187 282 38 38
droplet 0.869447 517 364 36 36
droplet 0.867546 499 4 30 30
droplet 0.866665 292 76 36 36
droplet 0.866652 358 437 36 36
droplet 0.86541 33 104 36 36
droplet 0.865144 493 221 36 36
droplet 0.864961 277 176 38 38
droplet 0.860992 293 0 39 22
droplet 0.860482 7 370 36 36
droplet 0.858896 13 251 36 36
droplet 0.858797 256 160 30 30
droplet 0.858566 313 384 36 36
droplet 0.857074 12 77 36 36
droplet 0.854505 488 345 36 36
droplet 0.853779 23 455 38 24
droplet 0.853663 525 63 36 36
droplet 0.851318 0 315 24 38
droplet 0.843556 527 287 36 36
droplet 0.840038 460 205 33 33
droplet 0.83662 318 444 36 35
droplet 0.830416 0 429 35 36
droplet 0.820991 0 403 24 24
droplet 0.816601 0 220 25 38
droplet 0.807297 621 454 18 25
droplet 0.79646 68 0 38 24
droplet 0.764824 221 459 34 20
droplet 0.754602 621 422 18 30
droplet 0.539661 0 462 15 16
droplet 0.474081 0 353 17 29
droplet 0.467945 172 0 32 21
droplet 0.454664 0 93 18 30
droplet 0.440166 0 257 19 30
droplet 0.409775 347 463 26 16
droplet 0.353223 41 0 29 19
