droplet 1 284 460 35 19
droplet 0.991716 609 60 30 38
droplet 0.961149 534 174 38 38
droplet 0.957923 6 355 36 36
droplet 0.956245 78 350 36 36
droplet 0.955869 48 305 49 49
droplet 0.95261 182 293 36 36
droplet 0.952333 134 336 36 36
droplet 0.952331 216 332 36 36
droplet 0.951553 210 195 36 36
droplet 0.950945 294 317 36 36
droplet 0.949472 331 345 36 36
droplet 0.94813 354 454 38 25
droplet 0.947218 41 355 36 36
droplet 0.945903 612 206 27 38
droplet 0.943669 201 373 36 36
droplet 0.942795 167 363 36 36
droplet 0.942262 462 193 38 38
droplet 0.94137 463 157 38 38
droplet 0.941257 398 201 33 33
droplet 0.940276 608 171 31 38
droplet 0.940157 255 281 36 36
droplet 0.940051 57 391 36 36
droplet 0.939941 202 408 36 36
droplet 0.937802 356 126 38 38
droplet 0.937204 92 381 38 38
droplet 0.936998 356 382 36 36
droplet 0.935143 23 390 36 36
droplet 0.934561 408 20 36 36
droplet 0.933802 224 122 36 36
droplet 0.933168 315 382 36 36
droplet 0.932341 234 445 36 34
droplet 0.932151 396 267 38 38
droplet 0.93203 365 163 33 33
droplet 0.931785 259 321 33 33
droplet 0.93157 248 246 36 36
droplet 0.931164 374 18 36 36
droplet 0.930991 318 218 39 39
droplet 0.930801 175 196 36 36
droplet 0.930523 389 233 36 36
droplet 0.930438 247 206 36 36
droplet 0.929134 180 329 36 36
droplet 0.928904 556 451 38 28
droplet 0.928839 322 121 33 33
droplet 0.928738 286 357 36 36
droplet 0.926573 498 170 36 36
droplet 0.926045 255 101 36 36
droplet 0.925513 385 50 36 36
droplet 0.925413 78 433 38 38
droplet 0.925274 79 171 36 36
droplet 0.924657 491 326 33 33
droplet 0.924654 191 440 36 36
droplet 0.924071 591 441 36 36
droplet 0.923732 92 233 36 36
droplet 0.92357 436 109 36 36
droplet 0.922993 378 422 36 36
droplet 0.922924 282 253 36 36
droplet 0.92282 250 353 36 36
droplet 0.92215 223 87 36 36
droplet 0.921635 491 293 33 33
droplet 0.921477 363 196 36 36
droplet 0.921229 536 222 36 36
droplet 0.921084 62 269 38 38
droplet 0.920965 39 0 36 36
droplet 0.91923 145 84 33 33
droplet 0.918889 475 442 36 36
droplet 0.918412 527 313 36 36
droplet 0.918014 7 318 36 36
droplet 0.917724 482 4 38 38
droplet 0.917159 347 60 36 36
droplet 0.916905 280 217 38 38
droplet 0.916132 391 116 39 39
droplet 0.915569 302 417 36 36
droplet 0.915488 140 145 36 36
droplet 0.914182 500 209 39 39
droplet 0.91389 415 406 36 36
droplet 0.913163 142 302 36 36
droplet 0.913064 361 92 36 36
droplet 0.912812 219 286 36 36
droplet 0.912704 530 385 38 38
droplet 0.91246 142 17 33 33
droplet 0.912152 104 140 36 36
droplet 0.911697 56 68 36 36
droplet 0.911372 191 98 33 33
droplet 0.911205 70 136 36 36
droplet 0.90985 399 306 36 36
droplet 0.909772 290 79 36 36
droplet 0.909746 579 304 60 69
droplet 0.909149 32 204 36 36
droplet 0.908938 362 270 36 36
droplet 0.908237 215 232 38 38
droplet 0.907953 287 115 36 36
droplet 0.907953 365 315 36 36
droplet 0.907794 471 405 38 38
droplet 0.907258 429 285 38 38
droplet 0.907166 240 172 36 36
droplet 0.906477 605 396 34 38
droplet 0.906392 177 231 36 36
droplet 0.906297 366 349 36 36
droplet 0.906104 175 32 36 36
droplet 0.905879 340 14 36 36
droplet 0.905645 0 205 34 36
droplet 0.905307 573 85 36 36
droplet 0.90508 12 24 36 36
droplet 0.904956 354 232 36 36
droplet 0.903607 468 124 36 36
droplet 0.903607 273 166 36 36
droplet 0.903215 256 135 36 36
droplet 0.903156 439 0 38 36
droplet 0.902335 570 216 36 36
droplet 0.902161 301 188 36 36
droplet 0.901797 234 385 36 36
droplet 0.901299 432 323 36 36
droplet 0.900917 171 161 36 36
droplet 0.900611 16 257 38 38
droplet 0.900298 115 278 36 36
droplet 0.899768 569 162 38 38
droplet 0.899651 400 81 38 38
droplet 0.899423 390 375 36 36
droplet 0.899321 153 267 36 36
droplet 0.899094 59 103 36 36
droplet 0.899084 125 245 36 36
droplet 0.898707 475 262 36 36
droplet 0.898282 236 0 38 30
droplet 0.897664 431 241 48 48
droplet 0.896378 518 6 36 36
droplet 0.895359 563 121 36 36
droplet 0.895177 3 0 38 28
droplet 0.894286 406 442 36 36
droplet 0.894113 47 238 36 36
droplet 0.893663 325 87 36 36
droplet 0.893557 335 296 36 36
droplet 0.893205 254 412 36 36
droplet 0.892647 208 160 36 36
droplet 0.891727 46 34 36 36
droplet 0.891563 74 6 38 38
droplet 0.891396 108 21 36 36
droplet 0.890808 0 119 33 38
droplet 0.890606 343 415 36 36
droplet 0.890378 540 77 36 36
droplet 0.889832 398 167 33 33
droplet 0.8898 207 15 38 38
droplet 0.889703 329 257 36 36
droplet 0.888523 402 342 36 36
droplet 0.887088 505 73 36 36
droplet 0.887038 65 203 38 38
droplet 0.886777 303 281 36 36
droplet 0.886035 31 126 36 36
droplet 0.88552 173 0 35 34
droplet 0.885319 314 52 36 36
droplet 0.884613 600 105 36 36
droplet 0.884547 432 358 38 38
droplet 0.883554 110 58 36 36
droplet 0.883447 147 215 33 33
droplet 0.883137 596 140 36 36
droplet 0.881986 542 420 36 36
droplet 0.878827 520 348 36 36
droplet 0.877699 252 66 36 36
droplet 0.877654 476 90 36 36
droplet 0.877188 533 139 38 38
droplet 0.876828 306 151 38 38
droplet 0.875629 12 173 38 38
droplet 0.8753 126 180 38 38
droplet 0.873611 44 159 36 36
droplet 0.873593 140 0 29 19
droplet 0.871936 175 67 36 36
droplet 0.871474 500 134 36 36
droplet 0.871151 504 38 36 36
droplet 0.870396 618 265 21 39
droplet 0.870395 428 184 36 36
droplet 0.869883 446 33 36 36
droplet 0.868394 20 57 36 36
droplet 0.868382 110 0 26 26
droplet 0.866883 468 351 36 36
droplet 0.866176 190 131 36 36
droplet 0.865096 439 459 39 20
droplet 0.864778 19 93 36 36
droplet 0.864131 121 109 36 36
droplet 0.862655 195 261 36 36
droplet 0.862618 565 393 36 36
droplet 0.862346 79 42 36 36
droplet 0.862073 209 62 28 28
droplet 0.860402 552 1 38 38
droplet 0.859367 568 47 39 39
droplet 0.856387 497 374 36 36
droplet 0.85588 334 177 36 36
droplet 0.855774 0 70 21 40
droplet 0.855451 91 88 38 38
droplet 0.854223 520 106 36 36
droplet 0.853601 237 35 36 36
droplet 0.853124 106 459 32 20
droplet 0.851208 300 18 38 38
droplet 0.850822 471 228 36 36
droplet 0.848754 314 0 39 22
droplet 0.848439 420 140 39 39
droplet 0.847077 158 114 38 38
droplet 0.845468 443 74 38 38
droplet 0.84499 473 54 36 36
droplet 0.84499 265 14 36 36
droplet 0.844662 445 392 32 32
droplet 0.84412 538 35 36 36
droplet 0.843618 595 239 36 36
droplet 0.838069 588 17 38 38
droplet 0.836929 101 200 32 32
droplet 0.827247 0 246 24 24
droplet 0.814482 419 53 36 36
droplet 0.802329 149 49 27 27
droplet 0.791261 281 47 27 27
droplet 0.785654 506 456 35 23
droplet 0.782538 555 345 36 36
droplet 0.781724 0 298 21 27
droplet 0.770534 324 446 32 32
droplet 0.729707 595 376 26 26
droplet 0.531968 0 19 19 29
droplet 0.530519 620 27 19 34
droplet 0.520803 380 0 33 20
droplet 0.511277 623 455 16 24
droplet 0.395297 286 0 32 22
droplet 0.394821 0 154 18 31
