droplet 1 623 106 16 29
droplet 1 312 460 37 19
droplet 1 621 301 18 35
droplet 1 151 450 35 29
droplet 0.9808 215 451 35 28
droplet 0.9777 452 455 35 24
droplet 0.957503 158 186 35 35
droplet 0.956333 294 272 35 35
droplet 0.955124 249 438 34 34
droplet 0.953332 118 139 35 35
droplet 0.94789 418 224 35 35
droplet 0.947804 249 335 35 35
droplet 0.947587 487 237 35 35
droplet 0.947306 442 420 35 35
droplet 0.947132 354 429 35 35
droplet 0.946131 0 399 32 35
droplet 0.945693 420 450 34 29
droplet 0.943766 221 170 37 37
droplet 0.94247 384 447 35 32
droplet 0.942415 148 275 35 35
droplet 0.941293 253 370 35 35
droplet 0.940392 521 243 35 35
droplet 0.938699 153 345 35 35
droplet 0.938605 116 420 35 35
droplet 0.938007 282 427 37 37
droplet 0.936395 575 89 35 35
droplet 0.936085 152 310 35 35
droplet 0.933204 1 367 34 34
droplet 0.933043 193 195 35 35
droplet 0.932638 124 174 35 35
droplet 0.93242 138 242 35 35
droplet 0.932065 248 405 34 34
droplet 0.931509 434 386 35 35
droplet 0.93125 89 174 35 35
droplet 0.931235 574 48 35 35
droplet 0.930485 214 133 37 37
droplet 0.930438 228 207 35 35
droplet 0.929997 85 410 33 33
droplet 0.9293 292 237 35 35
droplet 0.9293 188 161 35 35
droplet 0.929013 453 230 35 35
droplet 0.927633 129 210 34 34
droplet 0.927487 113 279 35 35
droplet 0.927329 407 416 35 35
droplet 0.927237 416 24 35 35
droplet 0.926045 384 241 35 35
droplet 0.925862 588 153 35 35
droplet 0.925788 124 24 35 35
droplet 0.925626 491 369 35 35
droplet 0.925239 456 356 35 35
droplet 0.925084 554 154 35 35
droplet 0.923934 558 450 34 29
droplet 0.923732 539 54 35 35
droplet 0.923727 104 245 35 35
droplet 0.923724 166 220 35 35
droplet 0.923417 613 234 26 35
droplet 0.923205 528 0 35 29
droplet 0.923001 83 138 35 35
droplet 0.922731 318 421 35 35
droplet 0.921978 483 335 35 35
droplet 0.921634 10 244 34 34
droplet 0.921404 0 433 31 37
droplet 0.921363 554 285 35 35
droplet 0.920227 158 17 34 34
droplet 0.920164 484 272 34 34
droplet 0.919416 181 429 35 35
droplet 0.918706 314 110 37 37
droplet 0.918705 254 55 35 35
droplet 0.9186 269 88 37 37
droplet 0.918165 128 388 34 34
droplet 0.917972 217 341 34 34
droplet 0.917583 529 312 35 35
droplet 0.916955 219 376 35 35
droplet 0.916615 585 360 35 35
droplet 0.916461 517 344 35 35
droplet 0.916353 94 209 35 35
droplet 0.916206 332 143 37 37
droplet 0.91615 183 327 34 34
droplet 0.915906 300 158 35 35
droplet 0.915741 569 186 37 37
droplet 0.915569 356 263 35 35
droplet 0.915143 351 191 35 35
droplet 0.91457 31 378 35 35
droplet 0.913681 351 112 35 35
droplet 0.913255 563 319 35 35
droplet 0.91247 270 18 35 35
droplet 0.911719 496 303 35 35
droplet 0.91117 286 359 35 35
droplet 0.911082 217 417 34 34
droplet 0.911051 325 247 35 35
droplet 0.910485 520 150 35 35
droplet 0.909968 597 393 35 35
droplet 0.909412 515 27 35 35
droplet 0.908992 268 173 35 35
droplet 0.908717 40 59 35 35
droplet 0.907047 449 18 37 37
droplet 0.906586 440 0 28 26
droplet 0.906558 462 299 35 35
droplet 0.906206 606 71 33 35
droplet 0.906045 32 343 35 35
droplet 0.905715 437 324 35 35
droplet 0.905661 317 189 35 35
droplet 0.905521 403 142 35 35
droplet 0.905014 120 321 34 34
droplet 0.9047 280 395 34 34
droplet 0.904463 8 45 35 35
droplet 0.903892 322 48 35 35
droplet 0.903522 578 225 35 35
droplet 0.903215 352 226 35 35
droplet 0.903164 168 96 34 34
droplet 0.90313 43 256 34 34
droplet 0.902832 154 50 35 35
droplet 0.90269 546 216 34 34
droplet 0.902669 185 67 35 35
droplet 0.902126 377 398 35 35
droplet 0.901888 263 261 34 34
droplet 0.901832 551 352 35 35
droplet 0.901381 212 306 35 35
droplet 0.900839 79 269 35 35
droplet 0.900802 555 252 34 34
droplet 0.900723 468 394 35 35
droplet 0.900545 72 73 35 35
droplet 0.900545 200 229 35 35
droplet 0.900333 381 24 35 35
droplet 0.900162 477 428 35 35
droplet 0.90013 338 79 35 35
droplet 0.90013 549 20 35 35
droplet 0.89984 450 264 36 36
droplet 0.899673 267 303 37 37
droplet 0.899236 11 210 34 34
droplet 0.899184 597 328 35 35
droplet 0.899167 609 36 30 37
droplet 0.898894 88 303 35 35
droplet 0.898205 588 259 35 35
droplet 0.897836 588 295 34 34
droplet 0.897548 42 223 34 34
droplet 0.897548 160 380 34 34
droplet 0.89752 477 204 34 34
droplet 0.89752 443 198 34 34
droplet 0.896953 520 277 35 35
droplet 0.896821 344 398 34 34
droplet 0.896819 480 37 35 35
droplet 0.89679 511 210 35 35
droplet 0.896777 594 119 35 35
droplet 0.896313 414 259 35 35
droplet 0.896118 187 34 34 34
droplet 0.896118 1 334 34 34
droplet 0.895146 180 291 35 35
droplet 0.894669 94 377 35 35
droplet 0.894589 201 98 35 35
droplet 0.894286 6 79 35 35
droplet 0.893313 422 355 34 34
droplet 0.893185 489 3 35 35
droplet 0.892625 189 395 35 35
droplet 0.892401 312 384 35 35
droplet 0.891783 295 326 35 35
droplet 0.89161 381 173 34 34
droplet 0.891209 242 111 35 35
droplet 0.89074 38 94 34 34
droplet 0.889881 151 413 34 34
droplet 0.889107 41 437 82 42
droplet 0.889031 303 78 35 35
droplet 0.888959 153 0 34 20
droplet 0.887943 25 310 34 34
droplet 0.886547 88 11 35 35
droplet 0.886236 217 49 34 34
droplet 0.885398 177 255 34 34
droplet 0.884605 562 386 35 35
droplet 0.884284 51 289 34 34
droplet 0.884278 42 129 35 35
droplet 0.884011 152 150 37 37
droplet 0.883747 69 107 34 34
droplet 0.883441 427 292 34 34
droplet 0.883339 528 378 35 35
droplet 0.883094 0 170 21 37
droplet 0.882891 188 361 34 34
droplet 0.882597 36 24 35 35
droplet 0.882492 364 0 37 28
droplet 0.882358 100 94 35 35
droplet 0.881892 62 361 35 35
droplet 0.881777 16 277 34 34
droplet 0.880346 89 338 35 35
droplet 0.879405 373 81 35 35
droplet 0.879008 530 88 42 42
droplet 0.878714 60 195 35 35
droplet 0.878626 29 181 35 35
droplet 0.878424 383 208 34 34
droplet 0.878269 516 437 35 35
droplet 0.878159 100 50 35 35
droplet 0.877893 57 0 35 32
droplet 0.877822 25 0 35 20
droplet 0.877654 397 55 35 35
droplet 0.877343 559 120 35 35
droplet 0.877276 368 141 35 35
droplet 0.876215 119 354 35 35
droplet 0.876026 387 112 35 35
droplet 0.875033 323 0 37 23
droplet 0.87496 399 0 40 27
droplet 0.874502 279 124 40 40
droplet 0.873113 259 225 35 35
droplet 0.873063 358 50 35 35
droplet 0.872948 342 19 35 35
droplet 0.872852 235 21 35 35
droplet 0.872561 208 272 34 34
droplet 0.871818 14 150 35 35
droplet 0.870691 238 284 35 35
droplet 0.870355 538 411 35 35
droplet 0.869916 68 38 35 35
droplet 0.869743 72 236 34 34
droplet 0.869701 231 246 35 35
droplet 0.868674 10 115 35 35
droplet 0.868454 582 15 35 35
droplet 0.868204 288 49 34 34
droplet 0.867858 620 352 19 37
droplet 0.867603 486 145 34 34
droplet 0.867421 499 178 34 34
droplet 0.866234 406 383 29 29
droplet 0.865807 247 0 40 25
droplet 0.865714 250 145 35 35
droplet 0.864397 210 10 29 29
droplet 0.864168 126 72 35 35
droplet 0.863698 410 189 35 35
droplet 0.861709 306 20 34 34
droplet 0.86004 229 79 35 35
droplet 0.859682 502 402 37 37
droplet 0.859673 119 456 29 23
droplet 0.859148 574 420 34 34
droplet 0.85875 603 201 34 34
droplet 0.858088 287 204 34 34
droplet 0.854754 57 161 35 35
droplet 0.854233 431 162 35 35
droplet 0.85395 596 444 35 35
droplet 0.85187 404 316 34 34
droplet 0.851498 5 11 35 35
droplet 0.850402 60 322 34 34
droplet 0.847937 621 419 18 35
droplet 0.842593 180 127 35 35
droplet 0.842521 296 0 26 26
droplet 0.841504 448 73 70 70
droplet 0.835387 192 0 24 23
droplet 0.830243 618 171 21 34
droplet 0.828054 333 296 74 74
droplet 0.817494 534 183 34 34
droplet 0.8135 420 108 34 34
droplet 0.811736 389 284 32 32
droplet 0.808863 0 299 21 37
droplet 0.79935 506 61 34 34
droplet 0.79503 358 367 34 34
droplet 0.788801 157 125 27 27
droplet 0.786202 453 137 34 34
droplet 0.772418 122 2 26 26
droplet 0.771588 392 353 32 32
droplet 0.770589 465 173 26 26
droplet 0.760905 320 359 24 24
droplet 0.748235 509 118 34 34
droplet 0.745414 58 407 24 24
droplet 0.736549 492 458 33 21
droplet 0.730727 132 109 24 24
droplet 0.710804 615 267 24 35
droplet 0.665627 186 460 32 19
droplet 0.551681 0 138 20 33
droplet 0.492722 0 106 19 28
droplet 0.46507 0 270 21 31
droplet 0.437173 0 72 16 24
droplet 0.377273 476 0 24 15
droplet 0.361133 225 0 25 15
