droplet 0.996291 623 1 16 32
droplet 0.988631 616 410 23 36
droplet 0.977307 480 448 33 31
droplet 0.972679 315 57 36 36
droplet 0.972099 48 259 33 33
droplet 0.96917 154 324 33 33
droplet 0.963652 80 269 36 36
droplet 0.963269 615 193 24 36
droplet 0.96283 391 84 36 36
droplet 0.959638 366 285 34 34
droplet 0.959614 426 90 36 36
droplet 0.958987 449 352 36 36
droplet 0.957466 235 118 33 33
droplet 0.957162 235 286 38 38
droplet 0.956945 242 216 36 36
droplet 0.956698 443 124 33 33
droplet 0.956398 269 113 33 33
droplet 0.955409 242 48 36 36
droplet 0.955124 79 446 36 33
droplet 0.954949 15 322 33 33
droplet 0.954287 518 436 36 36
droplet 0.954116 82 235 33 33
droplet 0.953646 281 202 33 33
droplet 0.953039 554 235 33 33
droplet 0.95261 400 442 36 36
droplet 0.952463 180 403 33 33
droplet 0.951919 144 407 36 36
droplet 0.951638 101 130 36 36
droplet 0.951451 52 406 33 33
droplet 0.951142 157 290 33 33
droplet 0.951128 11 459 38 20
droplet 0.950822 178 240 33 33
droplet 0.950007 549 200 33 33
droplet 0.94979 49 223 36 36
droplet 0.949759 156 374 33 33
droplet 0.949692 405 172 36 36
droplet 0.949639 113 250 33 33
droplet 0.949572 535 268 29 29
droplet 0.949523 278 81 33 33
droplet 0.949001 543 400 36 36
droplet 0.948894 372 187 33 33
droplet 0.948789 147 255 36 36
droplet 0.948542 422 57 33 33
droplet 0.947678 115 389 33 33
droplet 0.947582 583 205 33 33
droplet 0.947481 85 189 33 33
droplet 0.947306 337 407 36 36
droplet 0.947218 580 406 36 36
droplet 0.947049 214 322 33 33
droplet 0.946302 568 99 36 36
droplet 0.945903 475 412 33 33
droplet 0.945707 87 410 36 36
droplet 0.945379 379 374 36 36
droplet 0.945174 294 339 33 33
droplet 0.944853 111 165 33 33
droplet 0.944735 417 341 35 35
droplet 0.944625 143 218 33 33
droplet 0.944049 438 281 36 36
droplet 0.942975 444 437 36 36
droplet 0.94281 278 235 33 33
droplet 0.942672 620 80 19 38
droplet 0.942602 210 252 36 36
droplet 0.942367 398 406 33 33
droplet 0.942239 16 390 33 33
droplet 0.940938 416 375 33 33
droplet 0.940658 602 116 37 38
droplet 0.940529 17 356 33 33
droplet 0.940529 120 322 33 33
droplet 0.939663 246 252 36 36
droplet 0.939401 12 114 33 33
droplet 0.938911 483 378 33 33
droplet 0.93799 60 303 33 33
droplet 0.937007 259 15 33 33
droplet 0.936918 612 159 27 33
droplet 0.93658 189 372 32 32
droplet 0.936267 408 127 36 36
droplet 0.935465 331 190 33 33
droplet 0.935141 411 245 36 36
droplet 0.935071 309 252 33 33
droplet 0.935015 14 257 33 33
droplet 0.934484 67 112 33 33
droplet 0.934042 278 45 36 36
droplet 0.934041 13 222 36 36
droplet 0.933915 578 168 36 36
droplet 0.93351 484 341 36 36
droplet 0.932992 247 321 38 38
droplet 0.932789 81 364 36 36
droplet 0.932617 395 312 36 36
droplet 0.931847 348 82 39 39
droplet 0.931641 43 188 36 36
droplet 0.931261 184 26 36 36
droplet 0.931113 49 335 38 38
droplet 0.931086 184 338 33 33
droplet 0.931069 554 18 36 36
droplet 0.930792 345 249 32 32
droplet 0.930762 278 270 36 36
droplet 0.930382 476 122 33 33
droplet 0.930255 525 296 33 33
droplet 0.929316 328 343 33 33
droplet 0.92915 124 356 36 36
droplet 0.929013 386 218 36 36
droplet 0.929 8 187 36 36
droplet 0.928971 225 151 33 33
droplet 0.927695 183 437 33 33
droplet 0.92716 67 78 33 33
droplet 0.925719 589 240 38 38
droplet 0.925373 354 47 36 36
droplet 0.925372 206 217 36 36
droplet 0.924884 565 268 36 36
droplet 0.924819 11 424 33 33
droplet 0.924696 552 366 36 36
droplet 0.924434 280 305 36 36
droplet 0.924333 486 296 36 36
droplet 0.92427 48 373 33 33
droplet 0.924021 441 399 36 36
droplet 0.923598 623 344 16 32
droplet 0.92357 26 289 36 36
droplet 0.923345 453 9 36 36
droplet 0.922862 109 214 33 33
droplet 0.922193 503 144 33 33
droplet 0.920583 315 310 36 36
droplet 0.920411 331 279 33 33
droplet 0.920091 461 86 36 36
droplet 0.919811 239 181 36 36
droplet 0.919647 301 16 36 36
droplet 0.919379 498 186 36 36
droplet 0.919095 375 342 33 33
droplet 0.919074 144 450 38 29
droplet 0.918558 508 401 36 36
droplet 0.918135 268 457 38 22
droplet 0.918097 113 436 36 36
droplet 0.91755 375 116 36 36
droplet 0.917476 122 285 36 36
droplet 0.917292 298 130 33 33
droplet 0.916764 155 150 36 36
droplet 0.916192 15 54 36 36
droplet 0.916094 304 398 36 36
droplet 0.915619 388 41 36 36
droplet 0.914968 602 317 33 33
droplet 0.914477 602 281 36 36
droplet 0.914332 399 278 36 36
droplet 0.914077 192 284 36 36
droplet 0.914063 419 207 36 36
droplet 0.913965 480 252 39 39
droplet 0.913691 343 372 36 36
droplet 0.912595 42 438 36 36
droplet 0.912478 352 216 33 33
droplet 0.91235 275 382 33 33
droplet 0.911904 118 0 29 17
droplet 0.911813 554 434 36 36
droplet 0.911013 172 199 38 38
droplet 0.91031 33 87 36 36
droplet 0.910121 376 252 36 36
droplet 0.910057 11 151 38 38
droplet 0.909412 248 358 36 36
droplet 0.909212 287 168 36 36
droplet 0.909149 336 17 36 36
droplet 0.908535 198 172 36 36
droplet 0.908363 206 54 36 36
droplet 0.908107 612 34 27 36
droplet 0.908058 61 158 36 36
droplet 0.907719 454 313 36 36
droplet 0.907603 172 114 32 32
droplet 0.907452 175 0 38 27
droplet 0.906846 227 387 36 36
droplet 0.906385 536 329 36 36
droplet 0.906291 515 359 38 38
droplet 0.906113 0 15 31 38
droplet 0.905715 490 15 36 36
droplet 0.905362 617 375 22 38
droplet 0.905177 350 315 36 36
droplet 0.903893 369 151 36 36
droplet 0.903045 520 0 36 35
droplet 0.902951 126 57 67 67
droplet 0.902806 468 155 36 36
droplet 0.902461 240 436 36 36
droplet 0.902124 143 2 36 36
droplet 0.901909 446 230 36 36
droplet 0.901415 202 103 36 36
droplet 0.901309 320 156 36 36
droplet 0.90091 510 227 38 38
droplet 0.899503 230 81 38 38
droplet 0.898176 50 47 36 36
droplet 0.8974 589 62 36 36
droplet 0.896959 555 53 36 36
droplet 0.896537 139 182 36 36
droplet 0.89647 533 112 36 36
droplet 0.895478 414 19 36 36
droplet 0.893876 577 340 36 36
droplet 0.893793 40 131 33 33
droplet 0.89239 15 0 39 23
droplet 0.891657 94 303 32 32
droplet 0.890836 191 138 36 36
droplet 0.890531 311 217 36 36
droplet 0.889283 381 6 36 36
droplet 0.888236 514 41 36 36
droplet 0.886453 558 301 36 36
droplet 0.882998 588 9 36 36
droplet 0.881751 476 213 36 36
droplet 0.880817 0 78 27 38
droplet 0.879323 489 65 36 36
droplet 0.87659 559 135 36 36
droplet 0.876027 318 102 36 36
droplet 0.872771 135 123 33 33
droplet 0.871399 532 158 36 36
droplet 0.86925 443 179 38 38
droplet 0.869249 581 458 39 21
droplet 0.86629 31 22 32 32
droplet 0.863918 501 99 36 36
droplet 0.86083 212 417 36 36
droplet 0.859912 528 75 36 36
droplet 0.859442 352 0 38 22
droplet 0.848509 280 0 38 24
droplet 0.835747 97 94 36 36
droplet 0.833471 456 45 36 36
droplet 0.820216 259 147 23 23
droplet 0.806282 342 127 36 36
droplet 0.530705 0 315 19 29
droplet 0.516175 0 403 21 31
droplet 0.507522 410 0 34 24
droplet 0.506037 320 0 32 19
droplet 0.505416 0 274 28 37
droplet 0.474982 0 352 20 32
droplet 0.471699 0 213 18 30
droplet 0.441301 570 0 32 19
droplet 0.404736 471 0 27 16
droplet 0.40465 215 0 27 17
droplet 0.399745 0 164 18 27
droplet 0.38088 249 0 29 18
droplet 0.375064 0 440 17 29
droplet 0.371888 0 124 17 29
