droplet 1 625 346 14 27
droplet 0.986118 589 462 31 17
droplet 0.975278 613 400 26 36
droplet 0.973829 207 237 33 33
droplet 0.973291 617 438 22 38
droplet 0.973224 319 325 33 33
droplet 0.970039 176 209 36 36
droplet 0.966005 454 449 33 30
droplet 0.965465 135 76 36 36
droplet 0.965423 13 309 33 33
droplet 0.964882 333 394 33 33
droplet 0.964087 178 140 36 36
droplet 0.961974 357 367 33 33
droplet 0.961182 455 353 33 33
droplet 0.960503 341 133 36 36
droplet 0.959694 203 170 33 33
droplet 0.959321 515 316 39 39
droplet 0.959118 313 289 36 36
droplet 0.957994 337 240 33 33
droplet 0.957801 212 311 36 36
droplet 0.957744 165 107 36 36
droplet 0.95769 470 209 36 36
droplet 0.957538 213 59 36 36
droplet 0.95737 171 244 33 33
droplet 0.957278 405 63 33 33
droplet 0.956053 286 319 33 33
droplet 0.955989 323 358 36 36
droplet 0.955776 106 135 33 33
droplet 0.955287 527 354 36 36
droplet 0.955171 177 310 33 33
droplet 0.955058 138 232 33 33
droplet 0.953865 194 274 36 36
droplet 0.952864 276 287 33 33
droplet 0.952347 460 387 33 33
droplet 0.952156 468 275 33 33
droplet 0.951816 149 373 33 33
droplet 0.951003 248 317 36 36
droplet 0.950958 314 104 36 36
droplet 0.950662 120 8 36 36
droplet 0.950403 348 272 33 33
droplet 0.950403 232 423 33 33
droplet 0.950213 547 277 33 33
droplet 0.949876 169 174 33 33
droplet 0.949848 77 328 36 36
droplet 0.948894 200 407 33 33
droplet 0.948711 445 101 33 33
droplet 0.94866 64 83 36 36
droplet 0.948201 609 115 30 36
droplet 0.947781 15 342 33 33
droplet 0.947626 363 176 39 39
droplet 0.94749 147 336 36 36
droplet 0.946892 501 52 36 36
droplet 0.946586 73 214 33 33
droplet 0.946476 215 202 33 33
droplet 0.946265 275 111 33 33
droplet 0.945876 175 74 36 36
droplet 0.945131 494 393 33 33
droplet 0.944705 246 33 36 36
droplet 0.944537 181 344 36 36
droplet 0.944232 496 164 36 36
droplet 0.94328 412 444 36 35
droplet 0.943214 377 296 33 33
droplet 0.942551 49 182 36 36
droplet 0.942501 460 6 36 36
droplet 0.942221 436 208 33 33
droplet 0.941939 464 175 33 33
droplet 0.941803 127 266 33 33
droplet 0.941651 111 324 38 38
droplet 0.941115 376 87 36 36
droplet 0.941013 493 358 36 36
droplet 0.940811 102 197 33 33
droplet 0.940529 237 108 33 33
droplet 0.940465 360 43 36 36
droplet 0.940392 601 366 33 33
droplet 0.940326 574 117 35 35
droplet 0.940312 555 449 33 30
droplet 0.940129 366 400 33 33
droplet 0.939319 410 97 36 36
droplet 0.93889 430 32 38 38
droplet 0.93873 318 16 36 36
droplet 0.938345 187 439 33 33
droplet 0.938321 158 277 36 36
droplet 0.938285 400 193 33 33
droplet 0.93802 298 388 36 36
droplet 0.93799 527 390 33 33
droplet 0.937911 215 13 36 36
droplet 0.937903 550 238 38 38
droplet 0.937036 257 0 36 36
droplet 0.936685 586 226 35 35
droplet 0.936264 429 173 36 36
droplet 0.935782 375 122 36 36
droplet 0.935618 129 110 33 33
droplet 0.935153 0 379 19 33
droplet 0.935007 480 242 36 36
droplet 0.934703 85 20 36 36
droplet 0.933906 403 410 33 33
droplet 0.933878 373 249 33 33
droplet 0.933616 130 403 33 33
droplet 0.933616 251 140 33 33
droplet 0.933439 103 231 33 33
droplet 0.933168 331 205 36 36
droplet 0.932945 327 50 33 33
droplet 0.932933 236 170 36 36
droplet 0.93272 212 134 36 36
droplet 0.932618 441 241 38 38
droplet 0.932504 377 434 36 36
droplet 0.932443 420 345 36 36
droplet 0.931866 286 223 33 33
droplet 0.931464 554 310 36 36
droplet 0.930795 46 315 33 33
droplet 0.930206 165 403 36 36
droplet 0.930205 95 59 36 36
droplet 0.92987 269 252 36 36
droplet 0.929167 571 385 36 36
droplet 0.928948 515 239 36 36
droplet 0.928253 584 83 36 36
droplet 0.928248 282 25 36 36
droplet 0.927601 328 0 33 19
droplet 0.927487 479 310 36 36
droplet 0.927361 504 201 36 36
droplet 0.927301 85 426 36 36
droplet 0.926626 489 450 33 29
droplet 0.926597 471 420 33 33
droplet 0.926434 390 370 36 36
droplet 0.926404 426 0 36 35
droplet 0.925688 255 72 42 42
droplet 0.925647 530 15 36 36
droplet 0.92553 343 79 36 36
droplet 0.925322 61 48 36 36
droplet 0.925012 597 289 33 33
droplet 0.924493 395 151 36 36
droplet 0.924488 436 416 36 36
droplet 0.92434 118 437 33 33
droplet 0.924258 115 362 36 36
droplet 0.922373 234 256 36 36
droplet 0.922329 266 405 38 38
droplet 0.922151 407 309 38 38
droplet 0.921893 0 2 34 34
droplet 0.921839 534 149 33 33
droplet 0.921678 510 86 33 33
droplet 0.921229 495 13 36 36
droplet 0.920786 518 119 33 33
droplet 0.920723 300 187 36 36
droplet 0.920667 298 70 36 36
droplet 0.920607 61 390 36 36
droplet 0.919241 394 29 36 36
droplet 0.91919 276 162 33 33
droplet 0.919125 476 80 36 36
droplet 0.919063 0 35 28 38
droplet 0.918334 204 94 36 36
droplet 0.918135 619 23 20 39
droplet 0.917831 80 0 27 26
droplet 0.917715 180 39 36 36
droplet 0.917528 13 414 38 38
droplet 0.917451 352 319 33 33
droplet 0.917201 330 167 36 36
droplet 0.917138 97 393 33 33
droplet 0.916764 406 228 36 36
droplet 0.916758 459 141 33 33
droplet 0.915998 594 191 36 36
droplet 0.915745 32 90 33 33
droplet 0.914805 403 264 36 36
droplet 0.914332 17 379 36 36
droplet 0.914228 435 277 33 33
droplet 0.912987 299 136 36 36
droplet 0.912812 181 4 36 36
droplet 0.91235 70 291 33 33
droplet 0.911599 230 389 33 33
droplet 0.911328 41 273 33 33
droplet 0.911313 142 197 36 36
droplet 0.910707 27 450 33 29
droplet 0.909451 49 17 33 33
droplet 0.908522 16 162 36 36
droplet 0.908427 532 182 33 33
droplet 0.907933 550 415 33 33
droplet 0.907395 300 432 48 47
droplet 0.907272 365 8 36 36
droplet 0.906644 87 261 33 33
droplet 0.90603 98 93 36 36
droplet 0.90584 87 164 36 36
droplet 0.905713 379 337 36 36
droplet 0.905666 373 214 36 36
droplet 0.905592 587 322 36 36
droplet 0.905457 562 348 36 36
droplet 0.904912 104 291 36 36
droplet 0.903367 39 217 33 33
droplet 0.903279 242 222 36 36
droplet 0.903279 50 423 36 36
droplet 0.901727 221 346 36 36
droplet 0.899896 426 130 36 36
droplet 0.899621 142 141 36 36
droplet 0.897931 72 118 36 36
droplet 0.897645 263 194 36 36
droplet 0.896936 513 422 38 38
droplet 0.895792 423 381 38 38
droplet 0.8956 539 0 32 19
droplet 0.895528 619 70 20 39
droplet 0.89529 201 375 32 32
droplet 0.895146 152 436 36 36
droplet 0.895035 12 197 33 33
droplet 0.891781 443 66 36 36
droplet 0.891506 0 137 28 36
droplet 0.891324 483 115 36 36
droplet 0.89099 0 105 33 33
droplet 0.89058 602 256 33 33
droplet 0.889773 253 362 36 36
droplet 0.889464 61 459 39 20
droplet 0.887436 83 364 32 32
droplet 0.88604 468 40 36 36
droplet 0.885856 122 168 36 36
droplet 0.882358 2 69 36 36
droplet 0.880839 125 43 36 36
droplet 0.87864 18 243 36 36
droplet 0.8768 262 443 33 33
droplet 0.876356 26 127 36 36
droplet 0.876137 563 166 36 36
droplet 0.876009 287 354 35 35
droplet 0.875775 58 245 33 33
droplet 0.873157 152 23 33 33
droplet 0.870472 44 354 39 39
droplet 0.868454 344 426 36 36
droplet 0.867868 543 95 38 38
droplet 0.866613 558 203 36 36
droplet 0.86652 8 277 33 33
droplet 0.862246 535 61 36 36
droplet 0.861166 590 47 38 38
droplet 0.860555 38 0 26 25
droplet 0.857579 54 147 38 38
droplet 0.856868 25 42 36 36
droplet 0.850314 590 146 36 36
droplet 0.841589 558 36 36 36
droplet 0.837476 0 258 24 24
droplet 0.835077 583 8 38 38
droplet 0.812568 339 460 32 19
droplet 0.812047 584 425 36 36
droplet 0.802977 521 458 35 21
droplet 0.798322 233 457 34 22
droplet 0.783166 0 443 24 36
droplet 0.778634 620 165 19 34
droplet 0.720369 622 211 17 29
droplet 0.650899 100 462 30 17
droplet 0.557323 0 179 21 31
droplet 0.550938 618 310 21 32
droplet 0.532552 620 279 19 29
droplet 0.491385 392 0 33 24
droplet 0.46337 0 217 22 33
droplet 0.424679 609 0 30 22
droplet 0.420174 576 0 27 16
droplet 0.412562 0 346 18 30
droplet 0.377272 296 0 26 16
droplet 0.37131 0 412 19 33
