droplet 1 623 420 16 32
droplet 0.992203 88 449 36 30
droplet 0.980258 281 1 40 40
droplet 0.970851 327 0 36 30
droplet 0.969954 311 449 37 30
droplet 0.968935 281 352 37 37
droplet 0.968866 17 442 37 37
droplet 0.966197 67 396 36 36
droplet 0.966063 316 315 36 36
droplet 0.965234 360 43 36 36
droplet 0.963833 299 247 37 37
droplet 0.963229 225 409 36 36
droplet 0.96057 487 13 36 36
droplet 0.959696 326 348 36 36
droplet 0.959459 56 97 36 36
droplet 0.959055 143 326 37 37
droplet 0.958975 297 85 33 33
droplet 0.958594 190 362 36 36
droplet 0.95674 337 129 37 37
droplet 0.953563 124 376 36 36
droplet 0.952561 332 188 36 36
droplet 0.952514 88 239 36 36
droplet 0.949586 175 403 36 36
droplet 0.948746 26 207 36 36
droplet 0.948487 54 254 36 36
droplet 0.94774 369 335 37 37
droplet 0.945709 40 56 37 37
droplet 0.945486 505 170 36 36
droplet 0.945486 333 263 36 36
droplet 0.945379 232 298 36 36
droplet 0.94529 38 23 36 36
droplet 0.944979 370 95 36 36
droplet 0.944566 49 291 36 36
droplet 0.944446 406 366 37 37
droplet 0.943634 103 308 37 37
droplet 0.943629 87 362 36 36
droplet 0.943559 335 228 36 36
droplet 0.942926 371 8 36 36
droplet 0.942566 16 347 37 37
droplet 0.942173 78 26 36 36
droplet 0.941293 580 380 36 36
droplet 0.94115 483 339 37 37
droplet 0.940388 249 79 37 37
droplet 0.940259 208 111 33 33
droplet 0.940183 170 76 37 37
droplet 0.938776 436 156 36 36
droplet 0.93875 199 188 34 34
droplet 0.938182 226 256 36 36
droplet 0.937948 260 209 36 36
droplet 0.936247 215 221 36 36
droplet 0.9361 19 312 36 36
droplet 0.936019 365 177 36 36
droplet 0.935957 571 268 36 36
droplet 0.935771 404 97 37 37
droplet 0.935771 53 440 37 37
droplet 0.935143 373 142 36 36
droplet 0.93514 59 199 36 36
droplet 0.934264 578 308 40 40
droplet 0.933915 407 244 36 36
droplet 0.932763 592 13 36 36
droplet 0.932537 395 59 37 37
droplet 0.931769 207 460 37 19
droplet 0.931536 10 262 36 36
droplet 0.930972 243 0 37 22
droplet 0.93096 297 153 34 34
droplet 0.930284 418 278 36 36
droplet 0.929835 113 32 36 36
droplet 0.929813 466 182 36 36
droplet 0.929013 429 432 36 36
droplet 0.928582 216 70 36 36
droplet 0.928217 62 0 28 26
droplet 0.927779 275 388 36 36
droplet 0.927487 387 300 36 36
droplet 0.926548 371 372 36 36
droplet 0.926238 402 211 36 36
droplet 0.92607 232 176 36 36
droplet 0.92607 378 267 36 36
droplet 0.925608 121 278 36 36
droplet 0.92538 309 386 36 36
droplet 0.925108 267 311 36 36
droplet 0.924978 96 77 36 36
droplet 0.924038 261 255 36 36
droplet 0.924037 182 437 36 36
droplet 0.922027 128 63 36 36
droplet 0.921978 442 91 36 36
droplet 0.921886 341 408 36 36
droplet 0.919835 75 167 36 36
droplet 0.91906 16 386 37 37
droplet 0.918805 302 212 36 36
droplet 0.918735 441 51 37 37
droplet 0.918727 304 117 36 36
droplet 0.918727 574 197 36 36
droplet 0.918704 179 324 36 36
droplet 0.917826 148 108 36 36
droplet 0.916565 158 202 36 36
droplet 0.916389 460 293 36 36
droplet 0.916023 7 86 36 36
droplet 0.915664 452 220 36 36
droplet 0.915034 32 145 37 37
droplet 0.913888 262 148 36 36
droplet 0.913722 197 294 36 36
droplet 0.913389 223 373 36 36
droplet 0.913088 447 258 37 37
droplet 0.912437 9 121 36 36
droplet 0.911157 234 132 34 34
droplet 0.910328 429 190 36 36
droplet 0.909955 587 347 36 36
droplet 0.90985 535 195 36 36
droplet 0.908535 52 360 36 36
droplet 0.907958 163 160 36 36
droplet 0.906391 202 153 36 36
droplet 0.906206 450 124 36 36
droplet 0.905142 500 136 36 36
droplet 0.905054 130 143 36 36
droplet 0.903789 103 199 36 36
droplet 0.903582 521 15 36 36
droplet 0.902806 160 237 36 36
droplet 0.902759 501 272 36 36
droplet 0.902461 501 444 36 35
droplet 0.901492 245 346 34 34
droplet 0.901088 321 63 36 36
droplet 0.900717 505 215 36 36
droplet 0.900562 92 138 34 34
droplet 0.900304 492 47 36 36
droplet 0.899094 391 402 36 36
droplet 0.897849 139 3 36 36
droplet 0.89684 155 286 34 34
droplet 0.896611 609 44 30 36
droplet 0.894672 191 47 34 34
droplet 0.893096 557 229 36 36
droplet 0.891461 113 112 36 36
droplet 0.890123 587 443 36 36
droplet 0.889653 491 306 36 36
droplet 0.889528 413 29 36 36
droplet 0.889046 285 281 36 36
droplet 0.889015 132 178 36 36
droplet 0.888736 0 356 19 32
droplet 0.888681 294 418 36 36
droplet 0.887799 443 340 36 36
droplet 0.887102 364 434 36 36
droplet 0.884793 535 147 36 36
droplet 0.883602 544 299 36 36
droplet 0.883075 480 243 36 36
droplet 0.882272 16 0 40 27
droplet 0.882092 419 315 36 36
droplet 0.881786 180 264 36 36
droplet 0.881747 424 0 36 34
droplet 0.880737 435 397 36 36
droplet 0.879581 547 345 36 36
droplet 0.877343 515 412 36 36
droplet 0.876149 461 421 36 36
droplet 0.876137 525 244 36 36
droplet 0.875526 0 32 26 40
droplet 0.872694 128 223 36 36
droplet 0.87249 177 128 36 36
droplet 0.871758 168 24 34 34
droplet 0.870873 460 371 36 36
droplet 0.869932 559 0 34 34
droplet 0.868887 566 119 36 36
droplet 0.866782 451 17 36 36
droplet 0.864837 507 85 37 37
droplet 0.863726 546 384 36 36
droplet 0.860862 569 414 36 36
droplet 0.859695 480 107 36 36
droplet 0.858676 491 387 36 36
droplet 0.858581 221 29 34 34
droplet 0.858581 284 184 34 34
droplet 0.85697 565 163 36 36
droplet 0.856241 456 0 37 21
droplet 0.853267 214 330 34 34
droplet 0.851291 621 349 18 31
droplet 0.848763 517 363 36 36
droplet 0.848384 532 111 36 36
droplet 0.84804 0 408 23 25
droplet 0.847808 588 92 36 36
droplet 0.84349 529 59 36 36
droplet 0.842551 471 74 36 36
droplet 0.837674 550 31 37 37
droplet 0.834056 617 78 22 35
droplet 0.831404 592 142 37 37
droplet 0.824658 577 56 36 36
droplet 0.82275 617 113 22 40
droplet 0.820376 521 324 34 34
droplet 0.81343 553 83 37 37
droplet 0.765694 530 459 35 20
droplet 0.69 622 385 17 29
droplet 0.462163 0 169 17 29
droplet 0.458921 0 293 20 33
droplet 0.447453 0 76 18 28
