droplet 1 203 454 38 25
droplet 1 69 452 36 27
droplet 0.990927 265 449 36 30
droplet 0.977972 536 458 34 21
droplet 0.972077 498 450 36 29
droplet 0.97012 219 218 36 36
droplet 0.969006 163 271 36 36
droplet 0.968568 381 373 36 36
droplet 0.967802 96 64 36 36
droplet 0.967605 141 17 36 36
droplet 0.966095 300 248 36 36
droplet 0.965742 341 125 36 36
droplet 0.965403 360 257 36 36
droplet 0.962739 463 62 40 40
droplet 0.961069 395 60 38 38
droplet 0.961037 249 293 36 36
droplet 0.958617 506 264 38 38
droplet 0.957801 150 165 36 36
droplet 0.95662 502 224 38 38
droplet 0.956487 172 121 36 36
droplet 0.95647 134 319 34 34
droplet 0.956377 69 234 36 36
droplet 0.956282 458 9 36 36
droplet 0.95532 319 198 36 36
droplet 0.955124 413 298 36 36
droplet 0.954152 351 184 36 36
droplet 0.954064 162 418 36 36
droplet 0.953866 119 244 36 36
droplet 0.95377 382 147 36 36
droplet 0.953466 31 306 36 36
droplet 0.953327 289 83 38 38
droplet 0.952216 356 81 36 36
droplet 0.951452 228 326 36 36
droplet 0.950987 425 195 36 36
droplet 0.950381 122 351 36 36
droplet 0.950098 344 312 36 36
droplet 0.949722 167 319 38 38
droplet 0.948842 32 366 36 36
droplet 0.948559 545 232 36 36
droplet 0.948469 299 147 36 36
droplet 0.94732 418 435 38 38
droplet 0.947076 466 374 36 36
droplet 0.945938 289 406 36 36
droplet 0.945335 15 197 31 31
droplet 0.945229 267 357 36 36
droplet 0.945174 113 394 36 36
droplet 0.945174 455 435 36 36
droplet 0.944566 88 362 36 36
droplet 0.94344 162 231 34 34
droplet 0.941411 268 50 34 34
droplet 0.941084 379 0 38 37
droplet 0.941039 470 251 40 40
droplet 0.940918 110 429 36 36
droplet 0.939905 488 130 36 36
droplet 0.939511 10 421 36 36
droplet 0.939231 526 174 38 38
droplet 0.937847 408 249 34 34
droplet 0.937665 171 375 34 34
droplet 0.937383 333 383 36 36
droplet 0.937341 351 348 34 34
droplet 0.936726 273 205 34 34
droplet 0.935931 287 287 34 34
droplet 0.935661 521 415 36 36
droplet 0.935403 378 307 36 36
droplet 0.935294 129 102 36 36
droplet 0.935015 78 138 34 34
droplet 0.935013 36 223 36 36
droplet 0.934911 487 417 36 36
droplet 0.934888 205 110 36 36
droplet 0.934887 238 71 36 36
droplet 0.934284 439 346 36 36
droplet 0.934195 168 70 36 36
droplet 0.934042 432 39 36 36
droplet 0.933759 468 207 36 36
droplet 0.9337 205 169 36 36
droplet 0.933308 382 425 36 36
droplet 0.933234 348 54 28 28
droplet 0.933069 203 386 36 36
droplet 0.932717 399 106 34 34
droplet 0.932632 71 394 36 36
droplet 0.93203 192 23 34 34
droplet 0.931737 316 334 36 36
droplet 0.931508 431 380 36 36
droplet 0.930465 612 261 27 36
droplet 0.930085 583 151 36 36
droplet 0.929626 499 331 36 36
droplet 0.927821 460 172 34 34
droplet 0.927616 580 62 36 36
droplet 0.927372 491 0 36 33
droplet 0.927321 59 17 36 36
droplet 0.926374 452 128 36 36
droplet 0.925906 532 323 36 36
droplet 0.924021 492 179 36 36
droplet 0.923177 37 102 36 36
droplet 0.921642 228 138 38 38
droplet 0.920928 65 83 36 36
droplet 0.920579 528 99 38 38
droplet 0.919957 324 416 34 34
droplet 0.919812 221 416 36 36
droplet 0.918705 446 286 36 36
droplet 0.918233 582 26 36 36
droplet 0.917899 479 299 38 38
droplet 0.915479 299 441 36 36
droplet 0.914772 520 62 36 36
droplet 0.914678 331 0 34 33
droplet 0.914217 408 331 36 36
droplet 0.912436 349 437 36 36
droplet 0.910245 549 390 36 36
droplet 0.905881 602 89 36 36
droplet 0.903373 587 290 36 36
droplet 0.902535 554 425 36 36
droplet 0.90006 557 1 36 36
droplet 0.898722 573 456 40 23
droplet 0.89706 550 354 36 36
droplet 0.896604 564 263 36 36
droplet 0.895563 84 0 40 24
droplet 0.895035 555 124 38 38
droplet 0.894655 472 100 34 34
droplet 0.893062 620 40 19 34
droplet 0.891302 573 325 36 36
droplet 0.887026 495 36 36 36
droplet 0.88305 600 204 36 36
droplet 0.877762 523 15 38 38
droplet 0.87431 587 237 36 36
droplet 0.866376 601 346 38 38
droplet 0.84204 50 0 24 24
droplet 0.834426 579 373 36 36
droplet 0.464877 8 0 32 20
droplet 0.410872 0 409 17 29
droplet 0.3852 590 0 37 21
droplet 0.371495 0 252 20 31
