droplet 0.977325 489 463 30 16
droplet 0.975689 451 454 38 25
droplet 0.975242 74 283 35 35
droplet 0.972554 14 86 35 35
droplet 0.971228 425 419 35 35
droplet 0.971127 519 144 35 35
droplet 0.970263 423 339 35 35
droplet 0.970039 279 243 35 35
droplet 0.967917 311 202 35 35
droplet 0.967297 162 431 35 35
droplet 0.967146 457 292 71 71
droplet 0.966305 342 37 35 35
droplet 0.964806 189 305 35 35
droplet 0.964412 308 32 35 35
droplet 0.963961 277 423 29 29
droplet 0.963522 85 26 35 35
droplet 0.962596 367 239 34 34
droplet 0.961021 208 125 35 35
droplet 0.961013 93 241 35 35
droplet 0.959987 440 220 38 38
droplet 0.959459 117 0 35 35
droplet 0.958947 529 37 35 35
droplet 0.958783 338 415 34 34
droplet 0.957801 370 426 35 35
droplet 0.95759 249 98 35 35
droplet 0.95759 560 372 35 35
droplet 0.95737 605 105 34 34
droplet 0.956871 434 135 35 35
droplet 0.956732 324 163 35 35
droplet 0.956678 495 410 35 35
droplet 0.955975 587 26 35 35
droplet 0.955765 461 44 35 35
droplet 0.955124 249 132 35 35
droplet 0.955124 218 236 35 35
droplet 0.954948 159 222 35 35
droplet 0.954718 171 259 35 35
droplet 0.954432 531 0 35 35
droplet 0.954274 522 367 35 35
droplet 0.953972 468 367 35 35
droplet 0.953874 186 40 34 34
droplet 0.953782 488 0 38 36
droplet 0.95373 577 218 35 35
droplet 0.953408 385 127 38 38
droplet 0.952498 399 0 38 26
droplet 0.952363 604 190 35 35
droplet 0.952243 581 288 35 35
droplet 0.951996 256 213 35 35
droplet 0.951575 59 142 35 35
droplet 0.951119 127 267 38 38
droplet 0.950902 599 155 35 35
droplet 0.950588 191 210 35 35
droplet 0.949766 40 311 35 35
droplet 0.949001 129 90 35 35
droplet 0.94899 108 400 34 34
droplet 0.94899 293 336 34 34
droplet 0.948889 394 67 35 35
droplet 0.948746 360 68 35 35
droplet 0.947582 412 301 34 34
droplet 0.946746 402 24 35 35
droplet 0.945647 21 377 34 34
droplet 0.945595 542 70 35 35
droplet 0.944928 302 76 35 35
droplet 0.944794 268 35 35 35
droplet 0.944683 7 19 35 35
droplet 0.943925 64 61 34 34
droplet 0.941117 488 109 35 35
droplet 0.940159 4 162 34 34
droplet 0.938831 353 144 35 35
droplet 0.938136 482 181 34 34
droplet 0.936726 308 304 34 34
droplet 0.936525 559 108 35 35
droplet 0.936257 38 208 34 34
droplet 0.935434 342 362 35 35
droplet 0.935185 99 194 34 34
droplet 0.933439 221 372 34 34
droplet 0.933308 529 230 35 35
droplet 0.932763 89 157 35 35
droplet 0.931235 494 33 35 35
droplet 0.93027 224 197 35 35
droplet 0.928726 345 192 34 34
droplet 0.927265 145 190 34 34
droplet 0.925743 278 157 35 35
droplet 0.925326 240 56 34 34
droplet 0.925326 165 162 34 34
droplet 0.924492 331 95 35 35
droplet 0.922579 299 130 34 34
droplet 0.922065 464 81 38 38
droplet 0.920899 504 205 35 35
droplet 0.918416 411 98 35 35
droplet 0.910629 252 178 34 34
droplet 0.907821 151 118 34 34
droplet 0.901582 426 50 35 35
droplet 0.894014 494 263 34 34
droplet 0.89153 369 384 34 34
droplet 0.884791 451 0 38 21
droplet 0.863826 371 0 26 26
droplet 0.860812 396 172 36 36
droplet 0.830712 526 317 34 34
droplet 0.498356 292 0 31 19
