droplet 1 117 462 34 17
droplet 0.99889 149 448 35 31
droplet 0.986264 362 350 35 35
droplet 0.983687 547 303 35 35
droplet 0.982067 382 455 37 24
droplet 0.978774 135 338 35 35
droplet 0.976603 45 212 35 35
droplet 0.976141 254 338 35 35
droplet 0.976104 191 460 37 19
droplet 0.975069 46 107 35 35
droplet 0.974857 80 239 35 35
droplet 0.973937 67 332 35 35
droplet 0.972727 477 212 35 35
droplet 0.97175 355 311 35 35
droplet 0.97152 307 261 35 35
droplet 0.971422 456 30 35 35
droplet 0.971377 298 437 35 35
droplet 0.971296 202 421 35 35
droplet 0.970372 279 299 35 35
droplet 0.970212 241 172 35 35
droplet 0.969369 47 257 35 35
droplet 0.968331 133 75 35 35
droplet 0.968044 432 346 35 35
droplet 0.967802 548 373 35 35
droplet 0.967455 161 254 35 35
droplet 0.967321 377 42 35 35
droplet 0.966167 9 239 35 35
droplet 0.966064 416 67 35 35
droplet 0.965742 243 82 35 35
droplet 0.963877 489 398 35 35
droplet 0.96379 478 264 35 35
droplet 0.963383 201 317 35 35
droplet 0.96262 558 411 35 35
droplet 0.96238 249 47 35 35
droplet 0.961899 115 110 35 35
droplet 0.961411 102 326 35 35
droplet 0.961236 230 270 35 35
droplet 0.961109 333 441 35 35
droplet 0.960905 607 406 32 35
droplet 0.960204 67 159 35 35
droplet 0.960145 75 8 35 35
droplet 0.959868 73 73 35 35
droplet 0.959614 19 148 35 35
droplet 0.958685 476 358 35 35
droplet 0.95792 620 267 19 37
droplet 0.957861 207 180 35 35
droplet 0.957633 537 175 35 35
droplet 0.957633 376 385 35 35
droplet 0.957101 243 383 35 35
droplet 0.956576 99 406 35 35
droplet 0.956333 511 364 35 35
droplet 0.956282 33 341 35 35
droplet 0.955957 392 190 34 34
droplet 0.955772 144 0 35 26
droplet 0.955281 547 450 37 29
droplet 0.954991 79 116 37 37
droplet 0.954671 35 56 35 35
droplet 0.95467 558 337 35 35
droplet 0.953499 260 115 35 35
droplet 0.953499 397 347 35 35
droplet 0.953327 202 41 37 37
droplet 0.952772 229 13 35 35
droplet 0.952715 415 253 35 35
droplet 0.952181 61 373 37 37
droplet 0.951575 591 438 35 35
droplet 0.951515 410 31 35 35
droplet 0.951354 21 10 35 35
droplet 0.951175 278 80 35 35
droplet 0.951138 424 288 37 37
droplet 0.950819 510 222 35 35
droplet 0.950739 194 240 35 35
droplet 0.950727 355 194 35 35
droplet 0.950401 447 240 35 35
droplet 0.950201 403 425 35 35
droplet 0.950002 113 225 35 35
droplet 0.949726 481 323 35 35
droplet 0.949482 95 43 35 35
droplet 0.948331 244 302 35 35
droplet 0.948226 514 134 35 35
droplet 0.947934 554 239 35 35
droplet 0.947928 194 144 37 37
droplet 0.94789 101 164 35 35
droplet 0.94789 6 277 35 35
droplet 0.947804 347 72 35 35
droplet 0.94774 190 359 37 37
droplet 0.947302 599 368 35 35
droplet 0.947196 600 334 35 35
droplet 0.947076 126 26 35 35
droplet 0.947076 61 438 35 35
droplet 0.946741 325 27 37 37
droplet 0.946677 155 108 35 35
droplet 0.946547 512 292 35 35
droplet 0.945649 167 20 37 37
droplet 0.945275 509 12 35 35
droplet 0.945048 105 271 35 35
droplet 0.944793 5 75 35 35
droplet 0.944705 194 275 35 35
droplet 0.944683 38 294 35 35
droplet 0.944362 11 206 34 34
droplet 0.944296 536 0 37 21
droplet 0.942906 366 419 35 35
droplet 0.942868 182 206 35 35
droplet 0.942868 317 217 35 35
droplet 0.942407 449 69 37 37
droplet 0.942271 191 109 35 35
droplet 0.941613 313 71 35 35
droplet 0.940986 302 186 35 35
droplet 0.940687 381 76 35 35
droplet 0.940418 127 189 35 35
droplet 0.940118 134 147 37 37
droplet 0.939955 297 331 35 35
droplet 0.939897 193 76 35 35
droplet 0.939716 275 400 35 35
droplet 0.939258 336 165 34 34
droplet 0.939005 321 305 35 35
droplet 0.938513 377 242 35 35
droplet 0.938215 0 350 35 37
droplet 0.938096 169 299 35 35
droplet 0.937305 272 16 35 35
droplet 0.937274 231 442 35 35
droplet 0.936681 412 0 35 33
droplet 0.935825 543 18 35 35
droplet 0.933648 599 69 37 37
droplet 0.933073 584 268 34 34
droplet 0.932443 314 375 35 35
droplet 0.93169 11 111 35 35
droplet 0.931678 438 418 35 35
droplet 0.931509 303 106 35 35
droplet 0.931378 573 170 35 35
droplet 0.930716 228 208 35 35
droplet 0.929908 165 388 35 35
droplet 0.929835 281 144 35 35
droplet 0.929167 269 194 35 35
droplet 0.929031 17 382 35 35
droplet 0.926947 354 106 35 35
droplet 0.926768 327 131 35 35
droplet 0.926235 352 3 35 35
droplet 0.925906 460 445 35 34
droplet 0.925769 0 313 21 37
droplet 0.925745 388 289 35 35
droplet 0.925585 466 139 35 35
droplet 0.924983 249 236 35 35
droplet 0.924819 74 286 34 34
droplet 0.924092 152 223 34 34
droplet 0.923931 340 243 35 35
droplet 0.923225 594 207 34 34
droplet 0.922466 35 178 35 35
droplet 0.922193 79 205 34 34
droplet 0.922028 142 413 35 35
droplet 0.919835 165 167 35 35
droplet 0.919469 224 120 37 37
droplet 0.918237 434 154 35 35
droplet 0.91799 271 264 35 35
droplet 0.917816 559 204 35 35
droplet 0.916072 536 268 35 35
droplet 0.915598 0 25 24 39
droplet 0.915547 592 301 34 34
droplet 0.912827 329 345 34 34
droplet 0.912152 465 104 35 35
droplet 0.910311 494 162 35 35
droplet 0.910145 572 0 37 33
droplet 0.906911 9 440 35 35
droplet 0.905538 513 47 34 34
droplet 0.90383 485 73 37 37
droplet 0.903279 291 45 35 35
droplet 0.903022 403 104 35 35
droplet 0.902461 603 154 35 35
droplet 0.902422 400 156 35 35
droplet 0.900262 32 413 35 35
droplet 0.898383 544 109 35 35
droplet 0.895123 426 191 39 39
droplet 0.89313 359 273 34 34
droplet 0.891975 461 176 35 35
droplet 0.891974 379 130 35 35
droplet 0.88757 567 136 35 35
droplet 0.885524 511 99 35 35
droplet 0.884797 559 49 35 35
droplet 0.881893 605 10 34 35
droplet 0.876565 405 221 34 34
droplet 0.874649 534 74 35 35
droplet 0.871719 603 240 34 34
droplet 0.86556 380 0 35 20
droplet 0.862619 591 109 35 35
droplet 0.851841 568 83 35 35
droplet 0.772974 318 0 26 16
droplet 0.522922 0 103 19 29
droplet 0.502715 50 0 30 18
droplet 0.475394 624 219 15 27
droplet 0.471299 108 0 30 19
droplet 0.432442 500 0 32 19
droplet 0.429542 0 426 17 29
