droplet 1 619 348 20 39
droplet 0.994807 236 464 29 15
droplet 0.970635 608 256 31 38
droplet 0.970039 314 50 36 36
droplet 0.969173 613 408 26 36
droplet 0.965761 228 254 38 38
droplet 0.965755 317 234 33 33
droplet 0.965465 389 355 36 36
droplet 0.96355 250 213 36 36
droplet 0.96294 48 157 38 38
droplet 0.962889 275 322 36 36
droplet 0.962575 296 109 36 36
droplet 0.962267 286 449 36 30
droplet 0.961904 150 385 33 33
droplet 0.958701 465 79 36 36
droplet 0.95857 193 344 36 36
droplet 0.958358 43 267 36 36
droplet 0.957495 139 454 49 25
droplet 0.956288 144 30 35 35
droplet 0.956106 364 427 36 36
droplet 0.955865 385 318 33 33
droplet 0.954287 42 378 36 36
droplet 0.954273 75 328 36 36
droplet 0.952832 57 417 36 36
droplet 0.951775 30 452 36 27
droplet 0.951352 392 193 36 36
droplet 0.951075 203 227 36 36
droplet 0.950901 22 417 36 36
droplet 0.950507 483 294 36 36
droplet 0.950197 397 415 36 36
droplet 0.949687 365 250 36 36
droplet 0.949327 123 409 33 33
droplet 0.948993 207 193 33 33
droplet 0.948943 598 47 36 36
droplet 0.948488 0 448 35 31
droplet 0.948442 191 309 36 36
droplet 0.947314 162 423 33 33
droplet 0.947193 313 190 36 36
droplet 0.946818 438 168 36 36
droplet 0.945561 576 395 36 36
droplet 0.944713 347 195 36 36
droplet 0.944452 586 299 36 36
droplet 0.944049 265 157 36 36
droplet 0.943819 298 416 36 36
droplet 0.943593 481 351 36 36
droplet 0.942563 334 131 36 36
droplet 0.942173 440 203 36 36
droplet 0.942173 409 290 36 36
droplet 0.942107 68 203 36 36
droplet 0.94208 142 96 38 38
droplet 0.939598 278 71 38 38
droplet 0.939431 598 109 36 36
droplet 0.939205 530 278 36 36
droplet 0.938562 290 0 38 36
droplet 0.937779 249 49 36 36
droplet 0.9375 443 404 36 36
droplet 0.936876 167 249 33 33
droplet 0.936792 274 250 36 36
droplet 0.936591 89 403 36 36
droplet 0.936247 34 212 36 36
droplet 0.9361 534 244 36 36
droplet 0.93602 309 155 36 36
droplet 0.935661 336 290 36 36
droplet 0.93527 448 124 36 36
droplet 0.934931 340 18 36 36
droplet 0.934527 249 400 36 36
droplet 0.934284 523 50 36 36
droplet 0.933272 440 351 36 36
droplet 0.93272 306 273 36 36
droplet 0.932488 573 247 36 36
droplet 0.932341 152 162 36 36
droplet 0.931758 575 332 38 38
droplet 0.93157 116 346 36 36
droplet 0.931384 402 228 36 36
droplet 0.931235 268 370 36 36
droplet 0.930913 226 304 36 36
droplet 0.930716 234 363 36 36
droplet 0.930594 64 121 36 36
droplet 0.930438 363 49 36 36
droplet 0.930387 88 368 36 36
droplet 0.929547 502 80 36 36
droplet 0.929507 493 432 36 36
droplet 0.929031 45 86 36 36
droplet 0.928294 172 191 36 36
droplet 0.926626 101 289 36 36
droplet 0.925293 90 3 36 36
droplet 0.924852 261 115 36 36
droplet 0.92482 426 322 33 33
droplet 0.924606 384 121 33 33
droplet 0.924021 415 111 36 36
droplet 0.923408 430 0 36 34
droplet 0.921398 91 154 36 36
droplet 0.921216 229 166 36 36
droplet 0.921213 102 438 36 36
droplet 0.921117 237 90 36 36
droplet 0.920774 181 40 35 35
droplet 0.920737 109 184 36 36
droplet 0.919016 198 106 36 36
droplet 0.919011 402 22 36 36
droplet 0.918705 117 128 36 36
droplet 0.91785 155 64 36 36
droplet 0.917453 585 429 36 36
droplet 0.917272 448 258 36 36
droplet 0.91716 190 439 36 36
droplet 0.91682 566 212 36 36
droplet 0.9151 39 326 36 36
droplet 0.914973 14 176 36 36
droplet 0.914158 149 335 36 36
droplet 0.914153 67 39 38 38
droplet 0.913582 520 380 36 36
droplet 0.913554 533 201 36 36
droplet 0.913339 502 141 33 33
droplet 0.912749 525 329 36 36
droplet 0.910141 183 378 36 36
droplet 0.90946 92 231 36 36
droplet 0.909411 106 34 36 36
droplet 0.908211 112 68 36 36
droplet 0.907829 524 415 36 36
droplet 0.907543 371 90 33 33
droplet 0.906488 486 27 36 36
droplet 0.905313 496 208 36 36
droplet 0.904829 373 3 36 36
droplet 0.903706 77 263 36 36
droplet 0.90341 561 65 36 36
droplet 0.903373 590 153 36 36
droplet 0.903166 136 206 36 36
droplet 0.902643 30 37 36 36
droplet 0.902126 87 93 36 36
droplet 0.900966 472 159 38 38
droplet 0.900912 531 125 36 36
droplet 0.900869 133 308 33 33
droplet 0.900384 516 171 36 36
droplet 0.900265 572 0 36 36
droplet 0.899321 404 147 36 36
droplet 0.898798 0 374 25 38
droplet 0.898553 0 24 23 39
droplet 0.898252 207 58 38 38
droplet 0.897136 565 178 36 36
droplet 0.896281 124 240 44 44
droplet 0.896195 0 207 35 36
droplet 0.895586 564 113 36 36
droplet 0.894763 528 461 30 18
droplet 0.890949 403 78 36 36
droplet 0.88619 547 23 36 36
droplet 0.885523 17 5 36 36
droplet 0.884876 215 393 36 36
droplet 0.884847 468 228 36 36
droplet 0.883584 449 26 39 39
droplet 0.881118 12 67 38 38
droplet 0.880336 10 345 36 36
droplet 0.876582 21 128 36 36
droplet 0.870873 0 101 36 36
droplet 0.86995 213 23 36 36
droplet 0.868943 224 133 32 32
droplet 0.867926 547 358 36 36
droplet 0.864284 148 278 36 36
droplet 0.863658 0 240 26 38
droplet 0.861931 8 270 36 36
droplet 0.859058 53 7 36 36
droplet 0.848429 536 90 36 36
droplet 0.847079 425 52 36 36
droplet 0.84662 535 0 39 23
droplet 0.844155 0 147 29 38
droplet 0.843393 517 15 32 32
droplet 0.803391 149 0 83 43
droplet 0.77861 610 0 29 47
droplet 0.759683 622 308 17 29
droplet 0.619256 579 460 34 19
droplet 0.540713 0 296 23 34
droplet 0.530314 339 0 38 28
droplet 0.523987 0 334 19 30
droplet 0.458861 0 77 18 28
droplet 0.421037 0 1 11 12
