droplet 1 44 461 34 18
droplet 1 375 459 37 20
droplet 0.992706 282 460 37 19
droplet 0.988886 502 454 37 25
droplet 0.977416 232 305 35 35
droplet 0.976126 268 299 35 35
droplet 0.976102 395 4 35 35
droplet 0.975401 82 373 35 35
droplet 0.974146 101 457 42 22
droplet 0.973625 6 191 35 35
droplet 0.971156 578 14 26 26
droplet 0.971148 338 350 35 35
droplet 0.971127 392 335 35 35
droplet 0.970432 366 289 35 35
droplet 0.970316 102 96 35 35
droplet 0.968593 233 420 35 35
droplet 0.967773 299 411 37 37
droplet 0.965522 138 80 37 37
droplet 0.964794 467 400 35 35
droplet 0.964485 547 312 35 35
droplet 0.963976 53 270 35 35
droplet 0.96355 512 292 35 35
droplet 0.963305 305 340 35 35
droplet 0.962951 250 384 35 35
droplet 0.962951 159 192 35 35
droplet 0.962889 192 361 35 35
droplet 0.962826 19 121 37 37
droplet 0.962367 297 268 35 35
droplet 0.961733 621 275 18 35
droplet 0.960871 104 56 35 35
droplet 0.959957 536 249 35 35
droplet 0.95918 395 265 35 35
droplet 0.958947 275 224 35 35
droplet 0.958889 34 373 37 37
droplet 0.958651 144 303 35 35
droplet 0.957989 502 401 35 35
droplet 0.957268 55 192 35 35
droplet 0.956666 589 347 35 35
droplet 0.956624 224 61 37 37
droplet 0.956189 311 140 35 35
droplet 0.95605 55 0 37 37
droplet 0.955689 329 286 35 35
droplet 0.955538 65 410 37 37
droplet 0.955507 481 196 37 37
droplet 0.955475 340 252 35 35
droplet 0.95532 574 218 35 35
droplet 0.955026 110 344 35 35
droplet 0.954358 199 430 35 35
droplet 0.954287 271 335 35 35
droplet 0.954029 308 233 35 35
droplet 0.953632 0 375 34 35
droplet 0.953241 619 119 20 39
droplet 0.952772 523 355 35 35
droplet 0.952708 493 124 35 35
droplet 0.952515 225 132 35 35
droplet 0.951089 421 34 37 37
droplet 0.950739 324 4 35 35
droplet 0.950727 419 234 35 35
droplet 0.949818 132 140 35 35
droplet 0.949712 454 338 35 35
droplet 0.949042 538 98 35 35
droplet 0.948959 427 114 37 37
droplet 0.948469 182 223 35 35
droplet 0.948217 252 89 35 35
droplet 0.948 360 0 37 21
droplet 0.947685 109 421 35 35
droplet 0.94725 191 42 35 35
droplet 0.947192 243 266 35 35
droplet 0.946746 127 30 35 35
droplet 0.945713 284 177 35 35
droplet 0.944842 0 86 35 37
droplet 0.944511 24 46 37 37
droplet 0.944465 348 421 37 37
droplet 0.942666 240 231 35 35
droplet 0.94266 60 34 37 37
droplet 0.942024 362 193 35 35
droplet 0.941942 594 396 35 35
droplet 0.94154 405 203 34 34
droplet 0.940419 582 121 35 35
droplet 0.939035 612 41 27 35
droplet 0.938715 142 250 37 37
droplet 0.937786 469 27 68 68
droplet 0.937649 7 324 35 35
droplet 0.936839 173 121 35 35
droplet 0.936657 476 259 35 35
droplet 0.935538 36 301 35 35
droplet 0.935013 2 268 35 35
droplet 0.934527 62 236 35 35
droplet 0.93408 597 190 35 35
droplet 0.932763 219 172 35 35
droplet 0.93242 369 227 35 35
droplet 0.932167 0 409 33 35
droplet 0.932135 95 245 35 35
droplet 0.931788 170 326 35 35
droplet 0.930661 54 334 35 35
droplet 0.93048 596 156 35 35
droplet 0.930438 135 396 35 35
droplet 0.929982 363 377 35 35
droplet 0.929662 160 422 35 35
droplet 0.928143 71 303 34 34
droplet 0.928012 581 56 37 37
droplet 0.927626 33 82 35 35
droplet 0.927321 411 169 35 35
droplet 0.927096 290 0 37 27
droplet 0.926603 437 192 37 37
droplet 0.926548 215 387 35 35
droplet 0.925862 246 197 35 35
droplet 0.925858 194 256 34 34
droplet 0.924654 161 7 35 35
droplet 0.924519 420 380 35 35
droplet 0.92445 142 362 34 34
droplet 0.924372 377 162 35 35
droplet 0.924352 260 122 35 35
droplet 0.923334 37 154 37 37
droplet 0.922027 415 293 35 35
droplet 0.922006 2 153 35 35
droplet 0.921634 213 208 34 34
droplet 0.921064 62 102 35 35
droplet 0.920419 104 309 35 35
droplet 0.920272 460 102 35 35
droplet 0.920239 297 54 32 32
droplet 0.919861 264 39 35 35
droplet 0.918605 562 408 35 35
droplet 0.917987 114 275 35 35
droplet 0.916915 339 162 35 35
droplet 0.916872 168 387 35 35
droplet 0.915794 89 198 37 37
droplet 0.914885 73 134 37 37
droplet 0.913554 314 82 35 35
droplet 0.913163 382 103 35 35
droplet 0.910483 438 67 37 37
droplet 0.910245 194 148 35 35
droplet 0.909654 469 295 35 35
droplet 0.909158 315 192 37 37
droplet 0.908717 605 6 34 35
droplet 0.9075 539 174 37 37
droplet 0.906206 525 207 35 35
droplet 0.90533 31 219 35 35
droplet 0.904659 595 249 35 35
droplet 0.904173 587 303 37 37
droplet 0.903607 118 219 35 35
droplet 0.903367 331 390 34 34
droplet 0.902973 476 156 35 35
droplet 0.901773 392 398 35 35
droplet 0.901309 200 97 35 35
droplet 0.900352 547 36 37 37
droplet 0.899896 21 434 35 35
droplet 0.899629 0 231 35 37
droplet 0.89923 237 17 35 35
droplet 0.899018 403 75 35 35
droplet 0.898343 356 20 37 37
droplet 0.896479 440 147 37 37
droplet 0.895284 571 274 35 35
droplet 0.892547 101 159 35 35
droplet 0.891747 442 269 37 37
droplet 0.889446 254 163 34 34
droplet 0.889226 378 50 35 35
droplet 0.888457 362 131 35 35
droplet 0.888436 498 229 37 37
droplet 0.888431 177 73 34 34
droplet 0.888394 126 0 39 23
droplet 0.886516 334 108 37 37
droplet 0.881827 586 432 35 35
droplet 0.881156 199 301 34 34
droplet 0.880685 218 0 39 22
droplet 0.863041 563 150 35 35
droplet 0.850094 352 73 34 34
droplet 0.843281 254 0 39 23
droplet 0.831865 126 185 34 34
droplet 0.814745 333 44 27 27
droplet 0.79887 507 93 32 32
droplet 0.593582 584 463 29 16
droplet 0.542567 0 122 17 29
droplet 0.438458 0 298 20 31
